pclock,latency (ms) per batch,throughput (Tx/sec),fast path ops,slow path ops,conflict ops
1,4.295,232.829,1,0,0
2,11.026,90.695,0,1,0
3,13.650,73.260,0,1,0
4,6.597,151.584,1,0,0
5,5.871,170.329,1,0,0
6,4.416,226.449,1,0,0
7,6.771,147.689,0,1,0
8,3.674,272.183,1,0,0
9,4.032,248.016,1,0,0
10,2.011,497.265,1,0,0
11,6.408,156.055,0,1,0
12,2.523,396.354,1,0,0
13,5.687,175.840,0,1,0
14,5.838,171.292,0,1,0
15,7.259,137.760,0,1,0
16,4.500,222.222,1,0,0
17,7.881,126.887,0,1,0
18,2.647,377.786,1,0,0
19,8.065,123.993,0,1,0
20,4.839,206.654,1,0,0
21,8.341,119.890,0,1,0
22,4.944,202.265,1,0,0
23,3.804,262.881,1,0,0
24,10.326,96.843,0,1,0
25,4.217,237.135,1,0,0
26,7.813,127.992,0,1,0
27,8.077,123.808,0,1,0
28,8.895,112.423,0,1,0
29,2.948,339.213,1,0,0
30,2.983,335.233,1,0,0
31,8.164,122.489,0,1,0
32,5.070,197.239,1,0,0
33,11.129,89.855,0,1,0
34,7.609,131.423,0,1,0
35,5.189,192.715,1,0,0
36,8.414,118.850,0,1,0
37,9.056,110.424,0,1,0
38,4.212,237.417,1,0,0
39,6.342,157.679,1,0,0
40,7.438,134.445,0,1,0
41,4.151,240.906,1,0,0
42,4.691,213.174,1,0,0
43,4.343,230.256,1,0,0
44,4.069,245.761,1,0,0
45,3.410,293.255,1,0,0
46,4.195,238.379,1,0,0
47,7.053,141.784,1,0,0
48,12.475,80.160,0,1,0
49,5.421,184.468,1,0,0
50,8.694,115.022,0,1,0
51,10.552,94.769,0,1,0
52,3.158,316.656,1,0,0
53,11.447,87.359,0,1,0
54,13.050,76.628,0,1,0
55,4.881,204.876,1,0,0
56,3.371,296.648,1,0,0
57,2.674,373.972,1,0,0
58,3.041,328.839,1,0,0
59,11.068,90.351,0,1,0
60,2.993,334.113,1,0,0
61,1.860,537.634,1,0,0
62,11.401,87.712,0,1,0
63,5.216,191.718,1,0,0
64,15.083,66.300,0,1,0
65,12.858,77.773,0,1,0
66,12.818,78.015,0,1,0
67,13.409,74.577,0,1,0
68,11.761,85.027,0,1,0
69,6.441,155.255,1,0,0
70,11.055,90.457,0,1,0
71,6.725,148.699,1,0,0
72,7.424,134.698,0,1,0
73,5.690,175.747,1,0,0
74,7.573,132.048,0,1,0
75,6.563,152.369,0,1,0
76,8.771,114.012,0,1,0
77,6.945,143.988,0,1,0
78,3.924,254.842,1,0,0
79,4.669,214.179,1,0,0
80,3.779,264.620,1,0,0
81,4.998,200.080,1,0,0
82,4.601,217.344,0,1,0
83,3.086,324.044,1,0,0
84,6.010,166.389,0,1,0
85,4.056,246.548,1,0,0
86,4.840,206.612,1,0,0
87,6.107,163.747,0,1,0
88,6.025,165.975,1,0,0
89,10.196,98.078,0,1,0
90,6.754,148.060,1,0,0
91,6.015,166.251,1,0,0
92,8.540,117.096,0,1,0
93,4.232,236.295,1,0,0
94,11.991,83.396,0,1,0
95,6.741,148.346,1,0,0
96,5.570,179.533,1,0,0
97,9.980,100.200,0,1,0
98,5.915,169.062,1,0,0
99,10.702,93.440,0,1,0
100,3.637,274.952,1,0,0
101,7.972,125.439,0,1,0
102,9.029,110.754,0,1,0
103,9.066,110.302,0,1,0
104,9.399,106.394,0,1,0
105,8.362,119.589,0,1,0
106,7.096,140.924,1,0,0
107,11.246,88.921,0,1,0
108,6.487,154.154,0,1,0
109,5.040,198.413,0,1,0
110,5.588,178.955,1,0,0
111,4.443,225.073,1,0,0
112,5.309,188.359,0,1,0
113,8.912,112.208,0,1,0
114,6.795,147.167,0,1,0
115,9.090,110.011,0,1,0
116,9.841,101.616,0,1,0
117,9.857,101.451,0,1,0
118,9.560,104.603,0,1,0
119,10.191,98.126,0,1,0
120,7.958,125.660,0,1,0
121,5.469,182.849,1,0,0
122,3.265,306.279,1,0,0
123,2.567,389.560,1,0,0
124,7.075,141.343,0,1,0
125,3.056,327.225,1,0,0
126,2.718,367.918,1,0,0
127,7.716,129.601,0,1,0
128,8.780,113.895,0,1,0
129,7.690,130.039,0,1,0
130,7.860,127.226,0,1,0
131,7.423,134.716,0,1,0
132,6.859,145.794,0,1,0
133,8.652,115.580,0,1,0
134,3.976,251.509,1,0,0
135,8.450,118.343,0,1,0
136,7.240,138.122,0,1,0
137,5.724,174.703,1,0,0
138,2.429,411.692,1,0,0
139,1.832,545.852,1,0,0
140,6.038,165.618,0,1,0
141,1.839,543.774,1,0,0
142,2.615,382.409,1,0,0
143,5.334,187.477,0,1,0
144,4.816,207.641,0,1,0
145,6.252,159.949,0,1,0
146,8.128,123.031,0,1,0
147,6.602,151.469,0,1,0
148,5.100,196.078,1,0,0
149,6.552,152.625,0,1,0
150,6.774,147.623,0,1,0
151,5.507,181.587,0,1,0
152,5.303,188.573,0,1,0
153,6.031,165.810,1,0,0
154,4.246,235.516,1,0,0
155,4.374,228.624,1,0,0
156,10.425,95.923,0,1,0
157,5.058,197.707,1,0,0
158,4.441,225.175,1,0,0
159,7.892,126.711,0,1,0
160,4.792,208.681,1,0,0
161,4.312,231.911,1,0,0
162,5.776,173.130,1,0,0
163,5.568,179.598,1,0,0
164,10.276,97.314,0,1,0
165,4.864,205.592,1,0,0
166,8.904,112.309,0,1,0
167,4.619,216.497,1,0,0
168,4.980,200.803,1,0,0
169,4.691,213.174,1,0,0
170,5.161,193.761,1,0,0
171,4.565,219.058,1,0,0
172,10.539,94.886,0,1,0
173,4.152,240.848,1,0,0
174,7.247,137.988,0,1,0
175,8.339,119.918,0,1,0
176,8.185,122.175,0,1,0
177,8.600,116.279,0,1,0
178,7.706,129.769,0,1,0
179,6.260,159.744,0,1,0
180,6.099,163.961,0,1,0
181,5.760,173.611,0,1,0
182,6.169,162.101,0,1,0
183,5.744,174.095,0,1,0
184,7.762,128.833,0,1,0
185,8.412,118.878,0,1,0
186,8.352,119.732,0,1,0
187,9.049,110.509,0,1,0
188,9.277,107.793,0,1,0
189,3.686,271.297,1,0,0
190,7.625,131.148,0,1,0
191,2.944,339.674,1,0,0
192,3.753,266.454,1,0,0
193,6.543,152.835,0,1,0
194,3.814,262.192,1,0,0
195,3.672,272.331,1,0,0
196,5.209,191.975,0,1,0
197,3.111,321.440,1,0,0
198,4.036,247.770,1,0,0
199,5.963,167.701,0,1,0
200,3.375,296.296,1,0,0
201,4.019,248.818,1,0,0
202,5.539,180.538,0,1,0
203,6.438,155.328,0,1,0
204,7.411,134.935,0,1,0
205,8.133,122.956,0,1,0
206,6.813,146.778,0,1,0
207,9.538,104.844,0,1,0
208,9.881,101.204,0,1,0
209,9.573,104.460,0,1,0
210,9.400,106.383,0,1,0
211,11.775,84.926,0,1,0
212,8.891,112.473,0,1,0
213,8.828,113.276,0,1,0
214,9.331,107.170,0,1,0
215,10.487,95.356,0,1,0
216,8.846,113.045,0,1,0
217,8.246,121.271,0,1,0
218,7.571,132.083,0,1,0
219,4.140,241.546,1,0,0
220,3.017,331.455,1,0,0
221,4.730,211.416,1,0,0
222,3.482,287.191,1,0,0
223,7.002,142.816,0,1,0
224,2.617,382.117,1,0,0
225,7.029,142.268,0,1,0
226,7.059,141.663,0,1,0
227,4.680,213.675,0,1,0
228,3.737,267.594,1,0,0
229,9.401,106.372,0,1,0
230,10.670,93.721,0,1,0
231,12.347,80.991,0,1,0
232,11.234,89.015,0,1,0
233,11.492,87.017,0,1,0
234,7.504,133.262,0,1,0
235,3.004,332.889,1,0,0
236,7.857,127.275,0,1,0
237,8.373,119.432,0,1,0
238,7.768,128.733,0,1,0
239,4.272,234.082,1,0,0
240,4.693,213.083,1,0,0
241,6.507,153.681,0,1,0
242,3.008,332.447,1,0,0
243,4.472,223.614,0,1,0
244,2.791,358.295,1,0,0
245,5.230,191.205,1,0,0
246,4.513,221.582,0,1,0
247,4.796,208.507,1,0,0
248,5.012,199.521,0,1,0
249,4.552,219.684,1,0,0
250,6.141,162.840,0,1,0
251,6.904,144.844,0,1,0
252,6.944,144.009,0,1,0
253,7.088,141.084,0,1,0
254,5.009,199.641,1,0,0
255,3.442,290.529,1,0,0
256,8.882,112.587,0,1,0
257,3.074,325.309,1,0,0
258,3.051,327.761,1,0,0
259,6.586,151.837,0,1,0
260,2.254,443.656,1,0,0
261,6.243,160.179,0,1,0
262,3.910,255.754,1,0,0
263,8.409,118.920,0,1,0
264,7.539,132.644,0,1,0
265,2.407,415.455,1,0,0
266,2.768,361.272,1,0,0
267,7.216,138.581,0,1,0
268,2.654,376.790,1,0,0
269,6.707,149.098,0,1,0
270,2.160,462.963,1,0,0
271,4.817,207.598,1,0,0
272,4.768,209.732,1,0,0
273,6.143,162.787,0,1,0
274,4.401,227.221,1,0,0
275,10.349,96.628,0,1,0
276,6.135,162.999,1,0,0
277,5.937,168.435,1,0,0
278,4.465,223.964,1,0,0
279,11.698,85.485,0,1,0
280,3.486,286.862,1,0,0
281,7.941,125.929,0,1,0
282,6.122,163.345,0,1,0
283,6.759,147.951,0,1,0
284,2.605,383.877,1,0,0
285,3.927,254.647,1,0,0
286,3.715,269.179,1,0,0
287,10.123,98.785,0,1,0
288,5.930,168.634,1,0,0
289,4.597,217.533,0,1,0
290,4.066,245.942,0,1,0
291,5.103,195.963,0,1,0
292,6.886,145.222,0,1,0
293,6.994,142.980,0,1,0
294,7.359,135.888,0,1,0
295,6.628,150.875,0,1,0
296,6.568,152.253,1,0,0
297,7.372,135.648,0,1,0
298,4.644,215.332,1,0,0
299,5.512,181.422,1,0,0
300,9.656,103.563,0,1,0
301,5.804,172.295,1,0,0
302,7.811,128.025,0,1,0
303,4.910,203.666,0,1,0
304,5.913,169.119,0,1,0
305,3.675,272.109,0,1,0
306,4.543,220.119,0,1,0
307,3.866,258.665,0,1,0
308,6.591,151.722,0,1,0
309,7.914,126.358,0,1,0
310,8.160,122.549,0,1,0
311,7.961,125.612,0,1,0
312,8.183,122.205,0,1,0
313,5.309,188.359,0,1,0
314,5.570,179.533,0,1,0
315,7.167,139.528,0,1,0
316,2.954,338.524,1,0,0
317,6.317,158.303,0,1,0
318,2.841,351.989,1,0,0
319,5.913,169.119,0,1,0
320,2.727,366.703,1,0,0
321,1.941,515.198,1,0,0
322,2.257,443.066,1,0,0
323,3.710,269.542,1,0,0
324,5.270,189.753,1,0,0
325,4.399,227.324,0,1,0
326,6.501,153.822,1,0,0
327,6.773,147.645,0,1,0
328,5.946,168.180,1,0,0
329,9.320,107.296,0,1,0
330,4.767,209.776,0,1,0
331,6.983,143.205,0,1,0
332,9.732,102.754,0,1,0
333,5.041,198.373,1,0,0
334,13.442,74.394,0,1,0
335,12.003,83.313,0,1,0
336,5.426,184.298,1,0,0
337,4.412,226.655,1,0,0
338,4.687,213.356,1,0,0
339,5.479,182.515,1,0,0
340,9.038,110.644,0,1,0
341,4.401,227.221,1,0,0
342,4.146,241.196,0,1,0
343,5.329,187.652,0,1,0
344,4.988,200.481,0,1,0
345,6.762,147.885,0,1,0
346,4.760,210.084,0,1,0
347,4.113,243.132,1,0,0
348,3.929,254.518,1,0,0
349,4.078,245.218,1,0,0
350,4.340,230.415,0,1,0
351,3.778,264.690,1,0,0
352,2.547,392.619,1,0,0
353,4.033,247.954,0,1,0
354,3.563,280.662,0,1,0
355,4.399,227.324,0,1,0
356,5.275,189.573,0,1,0
357,4.838,206.697,0,1,0
358,4.672,214.041,0,1,0
359,3.162,316.256,1,0,0
360,4.381,228.258,0,1,0
361,4.368,228.938,1,0,0
362,5.789,172.741,0,1,0
363,4.014,249.128,1,0,0
364,8.579,116.564,0,1,0
365,6.208,161.082,1,0,0
366,3.006,332.668,1,0,0
367,5.639,177.336,1,0,0
368,7.392,135.281,0,1,0
369,7.835,127.632,0,1,0
370,6.958,143.719,1,0,0
371,6.350,157.480,1,0,0
372,14.641,68.301,0,1,0
373,14.116,70.842,0,1,0
374,4.977,200.924,1,0,0
375,12.986,77.006,0,1,0
376,6.154,162.496,1,0,0
377,3.396,294.464,1,0,0
378,4.062,246.184,1,0,0
379,4.751,210.482,1,0,0
380,8.752,114.260,0,1,0
381,3.000,333.333,1,0,0
382,8.951,111.719,0,1,0
383,4.003,249.813,1,0,0
384,9.293,107.608,0,1,0
385,3.509,284.981,1,0,0
386,3.314,301.750,1,0,0
387,2.661,375.799,1,0,0
388,7.029,142.268,0,1,0
389,5.890,169.779,0,1,0
390,9.091,109.999,0,1,0
391,10.018,99.820,0,1,0
392,15.799,63.295,0,1,0
393,16.450,60.790,0,1,0
394,17.039,58.689,0,1,0
395,15.857,63.064,0,1,0
396,21.996,45.463,0,1,0
397,5.234,191.058,1,0,0
398,4.203,237.925,1,0,0
399,4.876,205.086,1,0,0
400,14.258,70.136,0,1,0
401,4.455,224.467,1,0,0
402,17.865,55.975,0,1,0
403,4.986,200.562,1,0,0
404,4.880,204.918,1,0,0
405,20.224,49.446,0,1,0
406,1.994,501.505,1,0,0
407,19.868,50.332,0,1,0
408,2.868,348.675,1,0,0
409,3.039,329.056,1,0,0
410,18.965,52.729,0,1,0
411,18.061,55.368,0,1,0
412,16.886,59.221,0,1,0
413,12.668,78.939,0,1,0
414,13.018,76.817,0,1,0
415,5.204,192.160,1,0,0
416,14.100,70.922,0,1,0
417,3.788,263.992,1,0,0
418,5.640,177.305,1,0,0
419,3.760,265.957,1,0,0
420,8.636,115.794,0,1,0
421,4.288,233.209,1,0,0
422,8.372,119.446,0,1,0
423,12.371,80.834,0,1,0
424,11.648,85.852,0,1,0
425,11.255,88.849,0,1,0
426,12.992,76.970,0,1,0
427,16.390,61.013,0,1,0
428,14.742,67.833,0,1,0
429,15.439,64.771,0,1,0
430,15.782,63.363,0,1,0
431,7.248,137.969,1,0,0
432,3.366,297.089,1,0,0
433,3.500,285.714,1,0,0
434,11.548,86.595,0,1,0
435,9.296,107.573,0,1,0
436,9.755,102.512,0,1,0
437,9.739,102.680,0,1,0
438,10.030,99.701,0,1,0
439,8.358,119.646,0,1,0
440,9.262,107.968,0,1,0
441,9.471,105.585,0,1,0
442,9.819,101.843,0,1,0
443,10.495,95.283,0,1,0
444,8.273,120.875,0,1,0
445,7.786,128.436,0,1,0
446,8.688,115.101,0,1,0
447,10.113,98.883,0,1,0
448,9.977,100.231,0,1,0
449,6.075,164.609,1,0,0
450,9.151,109.278,0,1,0
451,14.068,71.083,0,1,0
452,14.050,71.174,0,1,0
453,2.907,343.997,1,0,0
454,15.018,66.587,0,1,0
455,1.731,577.701,1,0,0
456,1.952,512.295,1,0,0
457,17.576,56.896,0,1,0
458,2.427,412.031,1,0,0
459,2.105,475.059,1,0,0
460,3.145,317.965,1,0,0
461,15.872,63.004,0,1,0
462,3.184,314.070,1,0,0
463,15.379,65.024,0,1,0
464,2.106,474.834,1,0,0
465,14.689,68.078,0,1,0
466,3.084,324.254,1,0,0
467,6.059,165.044,1,0,0
468,11.809,84.681,0,1,0
469,15.612,64.053,0,1,0
470,16.705,59.862,0,1,0
471,18.539,53.940,0,1,0
472,18.645,53.634,0,1,0
473,22.432,44.579,0,1,0
474,18.947,52.779,0,1,0
475,7.031,142.227,1,0,0
476,4.697,212.902,1,0,0
477,5.553,180.083,1,0,0
478,19.256,51.932,0,1,0
479,5.735,174.368,1,0,0
480,17.160,58.275,0,1,0
481,4.908,203.749,1,0,0
482,5.694,175.623,1,0,0
483,11.979,83.479,0,1,0
484,4.829,207.082,1,0,0
485,4.854,206.016,1,0,0
486,4.003,249.813,1,0,0
487,4.698,212.857,1,0,0
488,13.863,72.134,0,1,0
489,4.077,245.278,1,0,0
490,7.961,125.612,1,0,0
491,19.072,52.433,0,1,0
492,6.798,147.102,1,0,0
493,14.020,71.327,0,1,0
494,16.698,59.887,0,1,0
495,14.612,68.437,0,1,0
496,2.664,375.375,1,0,0
497,3.074,325.309,1,0,0
498,14.033,71.261,0,1,0
499,2.463,406.009,1,0,0
500,2.879,347.343,1,0,0
501,12.932,77.328,0,1,0
502,2.639,378.931,1,0,0
503,11.815,84.638,0,1,0
504,2.503,399.521,1,0,0
505,2.140,467.290,1,0,0
506,2.137,467.946,1,0,0
507,9.869,101.327,0,1,0
508,3.621,276.167,1,0,0
509,6.008,166.445,1,0,0
510,11.263,88.786,0,1,0
511,8.550,116.959,0,1,0
512,9.284,107.712,0,1,0
513,7.519,132.996,0,1,0
514,5.515,181.324,1,0,0
515,3.316,301.568,1,0,0
516,3.980,251.256,1,0,0
517,8.530,117.233,0,1,0
518,3.078,324.886,1,0,0
519,2.955,338.409,1,0,0
520,8.853,112.956,0,1,0
521,2.144,466.418,1,0,0
522,2.968,336.927,1,0,0
523,7.902,126.550,0,1,0
524,2.456,407.166,1,0,0
525,3.763,265.745,1,0,0
526,9.610,104.058,0,1,0
527,2.716,368.189,1,0,0
528,2.789,358.551,1,0,0
529,12.447,80.341,0,1,0
530,2.311,432.713,1,0,0
531,12.724,78.592,0,1,0
532,6.581,151.953,1,0,0
533,18.500,54.054,0,1,0
534,5.807,172.206,1,0,0
535,14.922,67.015,0,1,0
536,4.452,224.618,1,0,0
537,13.780,72.569,0,1,0
538,5.500,181.818,1,0,0
539,8.998,111.136,0,1,0
540,9.739,102.680,0,1,0
541,12.623,79.220,0,1,0
542,5.152,194.099,1,0,0
543,13.673,73.137,0,1,0
544,6.364,157.134,1,0,0
545,12.057,82.939,0,1,0
546,10.653,93.870,0,1,0
547,9.670,103.413,0,1,0
548,8.138,122.880,0,1,0
549,13.361,74.845,0,1,0
550,11.893,84.083,0,1,0
551,13.775,72.595,0,1,0
552,13.568,73.703,0,1,0
553,5.731,174.490,1,0,0
554,6.053,165.207,1,0,0
555,3.717,269.034,1,0,0
556,15.972,62.610,0,1,0
557,3.195,312.989,1,0,0
558,3.211,311.429,1,0,0
559,14.643,68.292,0,1,0
560,3.963,252.334,1,0,0
561,4.197,238.265,1,0,0
562,5.107,195.810,1,0,0
563,4.575,218.579,1,0,0
564,4.561,219.250,1,0,0
565,6.088,164.258,0,1,0
566,5.476,182.615,1,0,0
567,4.521,221.190,0,1,0
568,5.685,175.901,1,0,0
569,5.029,198.847,0,1,0
570,4.297,232.721,0,1,0
571,5.731,174.490,1,0,0
572,3.652,273.823,1,0,0
573,3.268,305.998,0,1,0
574,3.304,302.663,1,0,0
575,1.626,615.006,1,0,0
576,5.846,171.057,0,1,0
577,10.383,96.311,0,1,0
578,11.128,89.863,0,1,0
579,10.898,91.760,0,1,0
580,10.431,95.868,0,1,0
581,9.545,104.767,0,1,0
582,12.063,82.898,0,1,0
583,15.681,63.771,0,1,0
584,15.964,62.641,0,1,0
585,16.704,59.866,0,1,0
586,15.635,63.959,0,1,0
587,14.554,68.710,0,1,0
588,7.195,138.985,1,0,0
589,3.146,317.864,1,0,0
590,2.814,355.366,1,0,0
591,10.550,94.787,0,1,0
592,2.911,343.525,1,0,0
593,5.656,176.803,1,0,0
594,11.657,85.785,0,1,0
595,5.196,192.456,1,0,0
596,5.498,181.884,1,0,0
597,2.165,461.894,1,0,0
598,3.054,327.439,1,0,0
599,6.731,148.566,0,1,0
600,2.775,360.360,1,0,0
601,3.326,300.661,1,0,0
602,6.016,166.223,0,1,0
603,2.944,339.674,1,0,0
604,2.643,378.358,1,0,0
605,3.316,301.568,0,1,0
606,2.445,408.998,1,0,0
607,5.645,177.148,0,1,0
608,7.033,142.187,0,1,0
609,2.419,413.394,1,0,0
610,7.386,135.391,0,1,0
611,2.528,395.570,1,0,0
612,5.181,193.013,0,1,0
613,6.476,154.416,0,1,0
614,7.312,136.761,0,1,0
615,6.038,165.618,0,1,0
616,7.513,133.103,0,1,0
617,9.186,108.861,0,1,0
618,7.860,127.226,0,1,0
619,8.724,114.626,0,1,0
620,7.881,126.887,0,1,0
621,6.919,144.530,0,1,0
622,8.111,123.289,0,1,0
623,8.210,121.803,0,1,0
624,7.654,130.651,0,1,0
625,8.804,113.585,0,1,0
626,9.658,103.541,0,1,0
627,10.670,93.721,0,1,0
628,10.629,94.082,0,1,0
629,11.601,86.199,0,1,0
630,15.870,63.012,0,1,0
631,15.547,64.321,0,1,0
632,14.448,69.214,0,1,0
633,15.012,66.613,0,1,0
634,17.380,57.537,0,1,0
635,16.117,62.046,0,1,0
636,16.423,60.890,0,1,0
637,15.484,64.583,0,1,0
638,15.859,63.056,0,1,0
639,4.874,205.170,1,0,0
640,4.802,208.247,1,0,0
641,11.060,90.416,0,1,0
642,4.765,209.864,1,0,0
643,12.161,82.230,0,1,0
644,4.734,211.238,1,0,0
645,12.462,80.244,0,1,0
646,4.775,209.424,1,0,0
647,4.643,215.378,1,0,0
648,4.238,235.960,1,0,0
649,3.386,295.334,1,0,0
650,6.574,152.114,1,0,0
651,16.028,62.391,0,1,0
652,5.736,174.338,1,0,0
653,16.568,60.357,0,1,0
654,3.498,285.878,1,0,0
655,10.279,97.286,0,1,0
656,10.356,96.562,0,1,0
657,12.450,80.321,0,1,0
658,10.940,91.408,0,1,0
659,11.515,86.843,0,1,0
660,6.182,161.760,1,0,0
661,16.204,61.713,0,1,0
662,6.084,164.366,1,0,0
663,3.658,273.373,1,0,0
664,5.385,185.701,1,0,0
665,4.942,202.347,1,0,0
666,13.787,72.532,0,1,0
667,3.658,273.373,1,0,0
668,6.809,146.864,1,0,0
669,10.806,92.541,0,1,0
670,5.200,192.308,1,0,0
671,4.710,212.314,1,0,0
672,5.428,184.230,1,0,0
673,8.305,120.409,0,1,0
674,9.834,101.688,0,1,0
675,4.966,201.369,1,0,0
676,9.049,110.509,0,1,0
677,3.502,285.551,1,0,0
678,7.609,131.423,0,1,0
679,5.256,190.259,1,0,0
680,4.928,202.922,1,0,0
681,3.889,257.136,1,0,0
682,4.272,234.082,1,0,0
683,8.828,113.276,0,1,0
684,6.193,161.473,1,0,0
685,11.655,85.800,0,1,0
686,2.361,423.549,1,0,0
687,2.773,360.620,1,0,0
688,8.512,117.481,0,1,0
689,12.471,80.186,0,1,0
690,13.864,72.129,0,1,0
691,18.509,54.028,0,1,0
692,20.339,49.167,0,1,0
693,20.646,48.436,0,1,0
694,19.954,50.115,0,1,0
695,18.619,53.709,0,1,0
696,18.315,54.600,0,1,0
697,5.318,188.041,1,0,0
698,3.890,257.069,1,0,0
699,16.130,61.996,0,1,0
700,15.103,66.212,0,1,0
701,16.025,62.402,0,1,0
702,16.520,60.533,0,1,0
703,13.139,76.109,0,1,0
704,14.840,67.385,0,1,0
705,14.495,68.989,0,1,0
706,4.524,221.043,1,0,0
707,18.441,54.227,0,1,0
708,5.193,192.567,1,0,0
709,2.578,387.898,1,0,0
710,2.723,367.242,1,0,0
711,5.363,186.463,1,0,0
712,20.926,47.787,0,1,0
713,4.140,241.546,1,0,0
714,20.296,49.271,0,1,0
715,3.389,295.072,1,0,0
716,3.167,315.756,1,0,0
717,18.625,53.691,0,1,0
718,2.705,369.686,1,0,0
719,1.822,548.847,1,0,0
720,5.450,183.486,1,0,0
721,4.662,214.500,1,0,0
722,6.071,164.718,1,0,0
723,5.489,182.183,1,0,0
724,5.317,188.076,1,0,0
725,15.123,66.124,0,1,0
726,18.172,55.030,0,1,0
727,19.054,52.482,0,1,0
728,17.054,58.637,0,1,0
729,19.654,50.880,0,1,0
730,13.593,73.567,0,1,0
731,14.896,67.132,0,1,0
732,15.661,63.853,0,1,0
733,17.665,56.609,0,1,0
734,16.810,59.488,0,1,0
735,14.889,67.164,0,1,0
736,2.781,359.583,1,0,0
737,2.478,403.551,1,0,0
738,13.276,75.324,0,1,0
739,2.420,413.223,1,0,0
740,2.585,386.847,1,0,0
741,1.708,585.480,1,0,0
742,14.961,66.840,0,1,0
743,2.369,422.119,1,0,0
744,2.199,454.752,1,0,0
745,2.846,351.370,1,0,0
746,14.088,70.982,0,1,0
747,2.717,368.053,1,0,0
748,2.347,426.076,1,0,0
749,16.360,61.125,0,1,0
750,2.681,372.995,1,0,0
751,4.187,238.834,1,0,0
752,3.444,290.360,1,0,0
753,4.133,241.955,1,0,0
754,3.825,261.438,1,0,0
755,16.403,60.964,0,1,0
756,3.824,261.506,1,0,0
757,16.026,62.399,0,1,0
758,4.926,203.004,1,0,0
759,4.871,205.297,1,0,0
760,13.563,73.730,0,1,0
761,5.560,179.856,1,0,0
762,4.226,236.630,1,0,0
763,4.500,222.222,1,0,0
764,4.891,204.457,1,0,0
765,10.669,93.729,0,1,0
766,9.917,100.837,0,1,0
767,2.766,361.533,1,0,0
768,2.290,436.681,1,0,0
769,2.024,494.071,1,0,0
770,9.087,110.047,0,1,0
771,2.314,432.152,1,0,0
772,11.683,85.594,0,1,0
773,13.095,76.365,0,1,0
774,12.809,78.070,0,1,0
775,14.081,71.018,0,1,0
776,13.543,73.839,0,1,0
777,4.881,204.876,1,0,0
778,5.301,188.644,1,0,0
779,4.421,226.193,1,0,0
780,7.443,134.354,0,1,0
781,4.193,238.493,1,0,0
782,3.814,262.192,1,0,0
783,7.658,130.582,0,1,0
784,11.703,85.448,0,1,0
785,10.869,92.005,0,1,0
786,11.389,87.804,0,1,0
787,12.827,77.961,0,1,0
788,13.290,75.245,0,1,0
789,11.802,84.731,0,1,0
790,2.488,401.929,1,0,0
791,11.935,83.787,0,1,0
792,2.088,478.927,1,0,0
793,13.252,75.460,0,1,0
794,2.509,398.565,1,0,0
795,13.424,74.493,0,1,0
796,2.129,469.704,1,0,0
797,4.421,226.193,1,0,0
798,15.246,65.591,0,1,0
799,3.202,312.305,1,0,0
800,3.191,313.381,1,0,0
801,15.749,63.496,0,1,0
802,3.337,299.670,1,0,0
803,3.355,298.063,1,0,0
804,12.476,80.154,0,1,0
805,11.927,83.843,0,1,0
806,13.796,72.485,0,1,0
807,12.629,79.183,0,1,0
808,14.242,70.215,0,1,0
809,5.064,197.472,1,0,0
810,19.994,50.015,0,1,0
811,3.155,316.957,1,0,0
812,3.279,304.971,1,0,0
813,14.357,69.652,0,1,0
814,2.833,352.983,1,0,0
815,1.998,500.501,1,0,0
816,15.350,65.147,0,1,0
817,2.437,410.341,1,0,0
818,2.604,384.025,1,0,0
819,12.270,81.500,0,1,0
820,16.906,59.151,0,1,0
821,15.475,64.620,0,1,0
822,15.818,63.219,0,1,0
823,16.732,59.766,0,1,0
824,2.262,442.087,1,0,0
825,2.797,357.526,1,0,0
826,3.688,271.150,1,0,0
827,5.027,198.926,1,0,0
828,16.476,60.694,0,1,0
829,4.467,223.864,1,0,0
830,4.365,229.095,1,0,0
831,2.610,383.142,1,0,0
832,14.294,69.959,0,1,0
833,1.587,630.120,1,0,0
834,12.297,81.321,0,1,0
835,13.578,73.649,0,1,0
836,13.534,73.888,0,1,0
837,6.199,161.316,0,1,0
838,7.808,128.074,0,1,0
839,7.261,137.722,0,1,0
840,3.931,254.388,1,0,0
841,2.382,419.815,1,0,0
842,3.028,330.251,1,0,0
843,7.467,133.923,0,1,0
844,2.125,470.588,1,0,0
845,2.623,381.243,1,0,0
846,3.872,258.264,1,0,0
847,8.913,112.196,0,1,0
848,8.879,112.625,0,1,0
849,8.722,114.653,0,1,0
850,11.238,88.984,0,1,0
851,13.466,74.261,0,1,0
852,13.178,75.884,0,1,0
853,3.702,270.124,1,0,0
854,3.982,251.130,1,0,0
855,3.577,279.564,1,0,0
856,2.817,354.988,1,0,0
857,9.907,100.939,0,1,0
858,3.144,318.066,1,0,0
859,10.209,97.953,0,1,0
860,11.786,84.846,0,1,0
861,10.475,95.465,0,1,0
862,14.813,67.508,0,1,0
863,12.818,78.015,0,1,0
864,19.302,51.808,0,1,0
865,21.394,46.742,0,1,0
866,20.424,48.962,0,1,0
867,18.466,54.154,0,1,0
868,25.316,39.501,0,1,0
869,21.943,45.573,0,1,0
870,19.276,51.878,0,1,0
871,20.504,48.771,0,1,0
872,18.308,54.621,0,1,0
873,20.223,49.449,0,1,0
874,24.248,41.241,0,1,0
875,27.192,36.776,0,1,0
876,26.347,37.955,0,1,0
877,4.232,236.295,1,0,0
878,4.233,236.239,1,0,0
879,3.821,261.712,1,0,0
880,3.987,250.815,1,0,0
881,6.874,145.476,1,0,0
882,25.176,39.720,0,1,0
883,4.273,234.028,1,0,0
884,4.875,205.128,1,0,0
885,3.237,308.928,1,0,0
886,25.674,38.950,0,1,0
887,6.468,154.607,1,0,0
888,19.548,51.156,0,1,0
889,20.803,48.070,0,1,0
890,20.789,48.102,0,1,0
891,15.856,63.068,0,1,0
892,17.151,58.306,0,1,0
893,19.915,50.213,0,1,0
894,4.860,205.761,1,0,0
895,3.031,329.924,1,0,0
896,17.971,55.645,0,1,0
897,5.154,194.024,1,0,0
898,4.682,213.584,1,0,0
899,5.348,186.986,1,0,0
900,5.698,175.500,1,0,0
901,6.085,164.339,1,0,0
902,4.800,208.333,1,0,0
903,24.540,40.750,0,1,0
904,4.102,243.784,1,0,0
905,27.107,36.891,0,1,0
906,4.147,241.138,1,0,0
907,20.790,48.100,0,1,0
908,5.455,183.318,1,0,0
909,20.945,47.744,0,1,0
910,21.521,46.466,0,1,0
911,4.871,205.297,1,0,0
912,2.786,358.938,1,0,0
913,18.830,53.107,0,1,0
914,2.398,417.014,1,0,0
915,3.455,289.436,1,0,0
916,3.003,333.000,1,0,0
917,3.312,301.932,1,0,0
918,3.090,323.625,1,0,0
919,15.626,63.996,0,1,0
920,4.538,220.361,1,0,0
921,17.596,56.831,0,1,0
922,2.806,356.379,1,0,0
923,4.193,238.493,1,0,0
924,17.397,57.481,0,1,0
925,23.477,42.595,0,1,0
926,21.097,47.400,0,1,0
927,21.508,46.494,0,1,0
928,20.807,48.061,0,1,0
929,19.934,50.166,0,1,0
930,6.966,143.554,1,0,0
931,23.405,42.726,0,1,0
932,5.614,178.126,1,0,0
933,24.327,41.107,0,1,0
934,4.518,221.337,1,0,0
935,22.624,44.201,0,1,0
936,4.661,214.546,1,0,0
937,20.344,49.155,0,1,0
938,21.697,46.089,0,1,0
939,22.223,44.998,0,1,0
940,20.581,48.589,0,1,0
941,20.157,49.611,0,1,0
942,21.359,46.819,0,1,0
943,5.334,187.477,1,0,0
944,2.950,338.983,1,0,0
945,3.035,329.489,1,0,0
946,2.997,333.667,1,0,0
947,15.735,63.553,0,1,0
948,18.979,52.690,0,1,0
949,21.294,46.962,0,1,0
950,20.279,49.312,0,1,0
951,21.226,47.112,0,1,0
952,25.561,39.122,0,1,0
953,2.704,369.822,1,0,0
954,30.392,32.903,0,1,0
955,5.075,197.044,1,0,0
956,3.686,271.297,1,0,0
957,29.043,34.432,0,1,0
958,28.612,34.950,0,1,0
959,31.520,31.726,0,1,0
960,27.466,36.409,0,1,0
961,21.203,47.163,0,1,0
962,22.762,43.933,0,1,0
963,21.994,45.467,0,1,0
964,21.490,46.533,0,1,0
965,21.745,45.988,0,1,0
966,19.981,50.048,0,1,0
967,18.907,52.890,0,1,0
968,19.951,50.123,0,1,0
969,22.240,44.964,0,1,0
970,22.266,44.912,0,1,0
971,19.618,50.974,0,1,0
972,21.551,46.402,0,1,0
973,22.623,44.203,0,1,0
974,21.207,47.154,0,1,0
975,23.581,42.407,0,1,0
976,23.655,42.274,0,1,0
977,22.282,44.879,0,1,0
978,2.971,336.587,1,0,0
979,2.909,343.761,1,0,0
980,20.586,48.577,0,1,0
981,2.359,423.908,1,0,0
982,2.832,353.107,1,0,0
983,2.601,384.468,1,0,0
984,2.795,357.782,1,0,0
985,18.574,53.839,0,1,0
986,2.118,472.144,1,0,0
987,18.366,54.448,0,1,0
988,1.980,505.051,1,0,0
989,18.395,54.363,0,1,0
990,2.998,333.556,1,0,0
991,2.840,352.113,1,0,0
992,19.515,51.243,0,1,0
993,2.602,384.320,1,0,0
994,2.336,428.082,1,0,0
995,22.703,44.047,0,1,0
996,22.605,44.238,0,1,0
997,20.915,47.813,0,1,0
998,21.790,45.893,0,1,0
999,21.413,46.701,0,1,0
1000,24.659,40.553,0,1,0
1001,25.403,39.365,0,1,0
1002,24.862,40.222,0,1,0
1003,24.555,40.725,0,1,0
1004,23.330,42.863,0,1,0
1005,24.464,40.876,0,1,0
1006,25.616,39.038,0,1,0
1007,25.706,38.901,0,1,0
1008,27.316,36.609,0,1,0
1009,25.489,39.233,0,1,0
1010,22.259,44.926,0,1,0
1011,22.364,44.715,0,1,0
1012,21.307,46.933,0,1,0
1013,19.495,51.295,0,1,0
1014,17.836,56.066,0,1,0
1015,17.203,58.129,0,1,0
1016,17.223,58.062,0,1,0
1017,17.726,56.414,0,1,0
1018,19.052,52.488,0,1,0
1019,19.473,51.353,0,1,0
1020,20.516,48.742,0,1,0
1021,20.130,49.677,0,1,0
1022,20.591,48.565,0,1,0
1023,20.710,48.286,0,1,0
1024,20.678,48.361,0,1,0
1025,16.287,61.399,0,1,0
1026,6.025,165.975,1,0,0
1027,24.614,40.627,0,1,0
1028,4.714,212.134,1,0,0
1029,27.885,35.862,0,1,0
1030,4.935,202.634,1,0,0
1031,24.224,41.281,0,1,0
1032,24.782,40.352,0,1,0
1033,22.980,43.516,0,1,0
1034,18.267,54.744,0,1,0
1035,18.397,54.357,0,1,0
1036,19.483,51.327,0,1,0
1037,19.587,51.054,0,1,0
1038,20.211,49.478,0,1,0
1039,24.396,40.990,0,1,0
1040,28.940,34.554,0,1,0
1041,2.363,423.191,1,0,0
1042,2.221,450.248,1,0,0
1043,27.551,36.296,0,1,0
1044,2.215,451.467,1,0,0
1045,35.735,27.984,0,1,0
1046,2.355,424.628,1,0,0
1047,5.705,175.285,1,0,0
1048,10.612,94.233,1,0,0
1049,39.971,25.018,0,1,0
1050,1.540,649.351,1,0,0
1051,2.219,450.653,1,0,0
1052,33.352,29.983,0,1,0
1053,1.778,562.430,1,0,0
1054,31.756,31.490,0,1,0
1055,33.706,29.668,0,1,0
1056,27.689,36.115,0,1,0
1057,25.292,39.538,0,1,0
1058,22.002,45.450,0,1,0
1059,21.645,46.200,0,1,0
1060,19.925,50.188,0,1,0
1061,21.483,46.548,0,1,0
1062,19.410,51.520,0,1,0
1063,22.215,45.015,0,1,0
1064,21.975,45.506,0,1,0
1065,21.422,46.681,0,1,0
1066,22.820,43.821,0,1,0
1067,19.928,50.181,0,1,0
1068,22.763,43.931,0,1,0
1069,23.187,43.128,0,1,0
1070,24.390,41.000,0,1,0
1071,2.658,376.223,1,0,0
1072,2.598,384.911,1,0,0
1073,20.540,48.685,0,1,0
1074,19.151,52.217,0,1,0
1075,18.881,52.963,0,1,0
1076,3.652,273.823,1,0,0
1077,3.304,302.663,1,0,0
1078,3.670,272.480,1,0,0
1079,2.634,379.651,1,0,0
1080,3.808,262.605,1,0,0
1081,22.349,44.745,0,1,0
1082,3.966,252.143,1,0,0
1083,17.734,56.389,0,1,0
1084,2.881,347.102,1,0,0
1085,3.895,256.739,1,0,0
1086,17.721,56.430,0,1,0
1087,3.525,283.688,1,0,0
1088,18.340,54.526,0,1,0
1089,3.429,291.630,1,0,0
1090,11.992,83.389,0,1,0
1091,13.945,71.710,0,1,0
1092,17.303,57.793,0,1,0
1093,15.185,65.854,0,1,0
1094,16.249,61.542,0,1,0
1095,4.434,225.530,1,0,0
1096,4.655,214.823,1,0,0
1097,16.095,62.131,0,1,0
1098,4.928,202.922,1,0,0
1099,16.722,59.801,0,1,0
1100,3.969,251.953,1,0,0
1101,14.887,67.173,0,1,0
1102,4.063,246.124,1,0,0
1103,5.280,189.394,1,0,0
1104,3.588,278.707,1,0,0
1105,4.097,244.081,1,0,0
1106,16.255,61.520,0,1,0
1107,5.283,189.286,1,0,0
1108,18.103,55.239,0,1,0
1109,5.528,180.897,1,0,0
1110,2.999,333.444,1,0,0
1111,5.776,173.130,1,0,0
1112,16.498,60.613,0,1,0
1113,3.608,277.162,1,0,0
1114,3.421,292.312,1,0,0
1115,2.795,357.782,1,0,0
1116,2.299,434.972,1,0,0
1117,2.006,498.504,1,0,0
1118,16.704,59.866,0,1,0
1119,16.926,59.081,0,1,0
1120,2.039,490.436,1,0,0
1121,4.442,225.124,1,0,0
1122,14.616,68.418,0,1,0
1123,16.183,61.793,0,1,0
1124,16.111,62.069,0,1,0
1125,15.933,62.763,0,1,0
1126,15.142,66.041,0,1,0
1127,16.220,61.652,0,1,0
1128,6.669,149.948,1,0,0
1129,20.804,48.068,0,1,0
1130,4.402,227.169,1,0,0
1131,4.771,209.600,1,0,0
1132,17.095,58.497,0,1,0
1133,2.950,338.983,1,0,0
1134,3.785,264.201,1,0,0
1135,3.252,307.503,1,0,0
1136,2.618,381.971,1,0,0
1137,3.520,284.091,1,0,0
1138,19.560,51.125,0,1,0
1139,3.697,270.490,1,0,0
1140,3.871,258.331,1,0,0
1141,20.316,49.222,0,1,0
1142,3.546,282.008,1,0,0
1143,2.386,419.111,1,0,0
1144,2.093,477.783,1,0,0
1145,17.898,55.872,0,1,0
1146,2.006,498.504,1,0,0
1147,2.278,438.982,1,0,0
1148,2.243,445.831,1,0,0
1149,1.758,568.828,1,0,0
1150,2.018,495.540,1,0,0
1151,2.162,462.535,1,0,0
1152,2.490,401.606,1,0,0
1153,5.568,179.598,1,0,0
1154,19.061,52.463,0,1,0
1155,15.366,65.079,0,1,0
1156,18.299,54.648,0,1,0
1157,17.276,57.884,0,1,0
1158,16.600,60.241,0,1,0
1159,5.518,181.225,1,0,0
1160,3.381,295.770,1,0,0
1161,3.808,262.605,1,0,0
1162,3.204,312.110,1,0,0
1163,19.093,52.375,0,1,0
1164,5.365,186.393,1,0,0
1165,19.290,51.840,0,1,0
1166,19.776,50.566,0,1,0
1167,5.101,196.040,1,0,0
1168,3.966,252.143,1,0,0
1169,3.916,255.363,1,0,0
1170,5.285,189.215,1,0,0
1171,17.432,57.366,0,1,0
1172,4.091,244.439,1,0,0
1173,19.165,52.178,0,1,0
1174,4.862,205.677,1,0,0
1175,3.732,267.953,1,0,0
1176,15.501,64.512,0,1,0
1177,4.094,244.260,1,0,0
1178,15.911,62.850,0,1,0
1179,15.621,64.016,0,1,0
1180,18.812,53.158,0,1,0
1181,16.901,59.168,0,1,0
1182,17.180,58.207,0,1,0
1183,14.676,68.138,0,1,0
1184,14.920,67.024,0,1,0
1185,12.617,79.258,0,1,0
1186,13.816,72.380,0,1,0
1187,12.081,82.775,0,1,0
1188,14.196,70.442,0,1,0
1189,11.711,85.390,0,1,0
1190,13.339,74.968,0,1,0
1191,10.620,94.162,0,1,0
1192,13.481,74.178,0,1,0
1193,14.274,70.057,0,1,0
1194,14.426,69.319,0,1,0
1195,14.096,70.942,0,1,0
1196,14.025,71.301,0,1,0
1197,13.087,76.412,0,1,0
1198,3.978,251.383,1,0,0
1199,22.173,45.100,0,1,0
1200,23.755,42.096,0,1,0
1201,3.143,318.167,1,0,0
1202,2.911,343.525,1,0,0
1203,1.838,544.070,1,0,0
1204,3.779,264.620,1,0,0
1205,19.838,50.408,0,1,0
1206,1.456,686.813,1,0,0
1207,2.001,499.750,1,0,0
1208,18.229,54.858,0,1,0
1209,2.387,418.936,1,0,0
1210,2.146,465.983,1,0,0
1211,2.746,364.166,1,0,0
1212,2.394,417.711,1,0,0
1213,4.194,238.436,1,0,0
1214,11.206,89.238,0,1,0
1215,5.363,186.463,1,0,0
1216,5.450,183.486,1,0,0
1217,5.537,180.603,1,0,0
1218,20.753,48.186,0,1,0
1219,3.826,261.370,1,0,0
1220,19.798,50.510,0,1,0
1221,18.727,53.399,0,1,0
1222,3.666,272.777,1,0,0
1223,4.513,221.582,1,0,0
1224,4.684,213.493,1,0,0
1225,23.591,42.389,0,1,0
1226,5.536,180.636,1,0,0
1227,4.532,220.653,1,0,0
1228,4.965,201.410,1,0,0
1229,19.603,51.013,0,1,0
1230,18.109,55.221,0,1,0
1231,5.094,196.309,1,0,0
1232,4.241,235.793,1,0,0
1233,3.800,263.158,1,0,0
1234,3.803,262.950,1,0,0
1235,4.248,235.405,1,0,0
1236,10.847,92.191,0,1,0
1237,3.389,295.072,1,0,0
1238,2.748,363.901,1,0,0
1239,5.858,170.707,1,0,0
1240,13.834,72.286,0,1,0
1241,4.645,215.285,1,0,0
1242,14.586,68.559,0,1,0
1243,14.544,68.757,0,1,0
1244,4.788,208.855,1,0,0
1245,4.499,222.272,1,0,0
1246,3.939,253.872,1,0,0
1247,4.362,229.253,1,0,0
1248,4.863,205.634,1,0,0
1249,2.493,401.123,1,0,0
1250,7.499,133.351,0,1,0
1251,1.886,530.223,1,0,0
1252,7.144,139.978,1,0,0
1253,12.367,80.860,0,1,0
1254,5.768,173.370,1,0,0
1255,5.201,192.271,1,0,0
1256,4.368,228.938,1,0,0
1257,14.186,70.492,0,1,0
1258,2.931,341.180,1,0,0
1259,2.591,385.951,1,0,0
1260,17.139,58.346,0,1,0
1261,3.271,305.717,1,0,0
1262,5.203,192.197,1,0,0
1263,4.972,201.126,1,0,0
1264,17.776,56.256,0,1,0
1265,3.073,325.415,1,0,0
1266,2.209,452.694,1,0,0
1267,13.655,73.233,0,1,0
1268,14.329,69.789,0,1,0
1269,2.716,368.189,1,0,0
1270,2.742,364.697,1,0,0
1271,2.656,376.506,1,0,0
1272,12.093,82.692,0,1,0
1273,12.523,79.853,0,1,0
1274,14.627,68.367,0,1,0
1275,13.725,72.860,0,1,0
1276,16.234,61.599,0,1,0
1277,2.528,395.570,1,0,0
1278,22.752,43.952,0,1,0
1279,4.805,208.117,1,0,0
1280,2.784,359.195,1,0,0
1281,2.981,335.458,1,0,0
1282,19.514,51.245,0,1,0
1283,23.565,42.436,0,1,0
1284,3.307,302.389,1,0,0
1285,1.685,593.472,1,0,0
1286,2.895,345.423,1,0,0
1287,2.381,419.992,1,0,0
1288,2.504,399.361,1,0,0
1289,20.345,49.152,0,1,0
1290,2.031,492.368,1,0,0
1291,2.072,482.625,1,0,0
1292,2.526,395.883,1,0,0
1293,1.772,564.334,1,0,0
1294,16.426,60.879,0,1,0
1295,2.575,388.350,1,0,0
1296,15.666,63.833,0,1,0
1297,1.892,528.541,1,0,0
1298,2.081,480.538,1,0,0
1299,1.714,583.431,1,0,0
1300,5.769,173.340,1,0,0
1301,21.800,45.872,0,1,0
1302,4.846,206.356,1,0,0
1303,3.019,331.236,1,0,0
1304,2.401,416.493,1,0,0
1305,3.237,308.928,1,0,0
1306,14.106,70.892,0,1,0
1307,3.098,322.789,1,0,0
1308,3.114,321.130,1,0,0
1309,3.505,285.307,1,0,0
1310,13.728,72.844,0,1,0
1311,13.699,72.998,0,1,0
1312,15.031,66.529,0,1,0
1313,6.862,145.730,1,0,0
1314,19.487,51.316,0,1,0
1315,5.457,183.251,1,0,0
1316,4.199,238.152,1,0,0
1317,4.928,202.922,1,0,0
1318,15.842,63.123,0,1,0
1319,12.536,79.770,0,1,0
1320,11.618,86.073,0,1,0
1321,18.671,53.559,0,1,0
1322,18.191,54.972,0,1,0
1323,18.842,53.073,0,1,0
1324,19.114,52.318,0,1,0
1325,18.844,53.067,0,1,0
1326,20.856,47.948,0,1,0
1327,20.610,48.520,0,1,0
1328,32.529,30.742,0,1,0
1329,36.015,27.766,0,1,0
1330,36.620,27.307,0,1,0
1331,38.867,25.729,0,1,0
1332,40.160,24.900,0,1,0
1333,32.076,31.176,0,1,0
1334,29.128,34.331,0,1,0
1335,27.954,35.773,0,1,0
1336,5.468,182.882,1,0,0
1337,3.299,303.122,1,0,0
1338,4.022,248.633,1,0,0
1339,5.067,197.355,1,0,0
1340,27.120,36.873,0,1,0
1341,5.014,199.442,1,0,0
1342,27.189,36.780,0,1,0
1343,5.821,171.792,1,0,0
1344,5.703,175.346,1,0,0
1345,23.556,42.452,0,1,0
1346,25.183,39.709,0,1,0
1347,26.430,37.836,0,1,0
1348,23.971,41.717,0,1,0
1349,26.702,37.450,0,1,0
1350,28.343,35.282,0,1,0
1351,28.440,35.162,0,1,0
1352,31.119,32.135,0,1,0
1353,28.036,35.668,0,1,0
1354,26.536,37.685,0,1,0
1355,28.002,35.712,0,1,0
1356,5.074,197.083,1,0,0
1357,25.840,38.700,0,1,0
1358,5.293,188.929,1,0,0
1359,22.010,45.434,0,1,0
1360,25.256,39.595,0,1,0
1361,3.126,319.898,1,0,0
1362,2.279,438.789,1,0,0
1363,25.677,38.945,0,1,0
1364,2.147,465.766,1,0,0
1365,2.464,405.844,1,0,0
1366,4.138,241.663,1,0,0
1367,20.829,48.010,0,1,0
1368,3.415,292.826,1,0,0
1369,4.530,220.751,1,0,0
1370,20.605,48.532,0,1,0
1371,3.643,274.499,1,0,0
1372,3.616,276.549,1,0,0
1373,19.297,51.822,0,1,0
1374,3.945,253.485,1,0,0
1375,3.999,250.063,1,0,0
1376,21.453,46.614,0,1,0
1377,3.741,267.308,1,0,0
1378,4.962,201.532,1,0,0
1379,18.149,55.099,0,1,0
1380,2.403,416.146,1,0,0
1381,19.886,50.287,0,1,0
1382,20.655,48.414,0,1,0
1383,24.205,41.314,0,1,0
1384,23.569,42.429,0,1,0
1385,23.434,42.673,0,1,0
1386,24.391,40.999,0,1,0
1387,24.914,40.138,0,1,0
1388,20.681,48.354,0,1,0
1389,21.114,47.362,0,1,0
1390,24.631,40.599,0,1,0
1391,24.472,40.863,0,1,0
1392,24.950,40.080,0,1,0
1393,3.253,307.409,1,0,0
1394,24.623,40.612,0,1,0
1395,25.995,38.469,0,1,0
1396,25.667,38.961,0,1,0
1397,21.788,45.897,0,1,0
1398,21.006,47.605,0,1,0
1399,19.268,51.900,0,1,0
1400,20.356,49.126,0,1,0
1401,17.736,56.382,0,1,0
1402,17.341,57.667,0,1,0
1403,21.813,45.844,0,1,0
1404,22.220,45.005,0,1,0
1405,21.886,45.691,0,1,0
1406,21.417,46.692,0,1,0
1407,3.762,265.816,1,0,0
1408,4.201,238.039,1,0,0
1409,3.971,251.826,1,0,0
1410,3.487,286.779,1,0,0
1411,4.316,231.696,1,0,0
1412,14.773,67.691,0,1,0
1413,16.398,60.983,0,1,0
1414,15.730,63.573,0,1,0
1415,15.370,65.062,0,1,0
1416,15.160,65.963,0,1,0
1417,4.911,203.625,1,0,0
1418,4.900,204.082,1,0,0
1419,4.602,217.297,1,0,0
1420,9.724,102.838,0,1,0
1421,3.852,259.605,1,0,0
1422,4.003,249.813,1,0,0
1423,8.015,124.766,0,1,0
1424,3.796,263.435,1,0,0
1425,4.005,249.688,1,0,0
1426,4.629,216.029,1,0,0
1427,9.519,105.053,0,1,0
1428,10.534,94.931,0,1,0
1429,8.957,111.645,0,1,0
1430,11.582,86.341,0,1,0
1431,5.347,187.021,1,0,0
1432,4.814,207.727,1,0,0
1433,13.714,72.918,0,1,0
1434,3.907,255.951,1,0,0
1435,4.235,236.128,1,0,0
1436,3.158,316.656,1,0,0
1437,16.214,61.675,0,1,0
1438,3.821,261.712,1,0,0
1439,4.214,237.304,1,0,0
1440,14.789,67.618,0,1,0
1441,16.208,61.698,0,1,0
1442,16.436,60.842,0,1,0
1443,17.103,58.469,0,1,0
1444,16.088,62.158,0,1,0
1445,6.411,155.982,1,0,0
1446,17.574,56.902,0,1,0
1447,4.353,229.727,1,0,0
1448,4.876,205.086,1,0,0
1449,13.925,71.813,0,1,0
1450,16.195,61.747,0,1,0
1451,15.124,66.120,0,1,0
1452,14.965,66.823,0,1,0
1453,15.615,64.041,0,1,0
1454,2.984,335.121,1,0,0
1455,13.169,75.936,0,1,0
1456,3.753,266.454,1,0,0
1457,5.454,183.352,1,0,0
1458,16.176,61.820,0,1,0
1459,2.467,405.351,1,0,0
1460,21.263,47.030,0,1,0
1461,3.791,263.783,1,0,0
1462,19.323,51.752,0,1,0
1463,4.286,233.318,1,0,0
1464,2.358,424.088,1,0,0
1465,1.920,520.833,1,0,0
1466,18.689,53.507,0,1,0
1467,1.833,545.554,1,0,0
1468,8.500,117.647,1,0,0
1469,24.839,40.259,0,1,0
1470,18.033,55.454,0,1,0
1471,3.645,274.348,1,0,0
1472,3.533,283.046,1,0,0
1473,20.358,49.121,0,1,0
1474,17.850,56.022,0,1,0
1475,18.876,52.977,0,1,0
1476,15.076,66.331,0,1,0
1477,14.724,67.916,0,1,0
1478,17.828,56.092,0,1,0
1479,17.560,56.948,0,1,0
1480,5.573,179.437,1,0,0
1481,3.738,267.523,1,0,0
1482,3.553,281.452,1,0,0
1483,2.667,374.953,1,0,0
1484,4.060,246.305,1,0,0
1485,3.343,299.133,1,0,0
1486,19.840,50.403,0,1,0
1487,3.372,296.560,1,0,0
1488,17.297,57.813,0,1,0
1489,3.371,296.648,1,0,0
1490,3.872,258.264,1,0,0
1491,19.802,50.500,0,1,0
1492,3.377,296.121,1,0,0
1493,19.109,52.331,0,1,0
1494,4.155,240.674,1,0,0
1495,22.701,44.051,0,1,0
1496,3.662,273.075,1,0,0
1497,19.905,50.239,0,1,0
1498,4.904,203.915,1,0,0
1499,22.235,44.974,0,1,0
1500,16.712,59.837,0,1,0
1501,18.633,53.668,0,1,0
1502,20.748,48.197,0,1,0
1503,19.757,50.615,0,1,0
1504,2.855,350.263,1,0,0
1505,4.845,206.398,1,0,0
1506,15.738,63.540,0,1,0
1507,4.312,231.911,1,0,0
1508,5.872,170.300,1,0,0
1509,3.913,255.558,1,0,0
1510,3.793,263.644,1,0,0
1511,16.370,61.087,0,1,0
1512,16.767,59.641,0,1,0
1513,18.457,54.180,0,1,0
1514,5.454,183.352,1,0,0
1515,3.931,254.388,1,0,0
1516,3.518,284.252,1,0,0
1517,20.898,47.851,0,1,0
1518,22.918,43.634,0,1,0
1519,22.309,44.825,0,1,0
1520,23.401,42.733,0,1,0
1521,23.198,43.107,0,1,0
1522,23.397,42.741,0,1,0
1523,21.183,47.208,0,1,0
1524,17.526,57.058,0,1,0
1525,5.716,174.948,1,0,0
1526,21.123,47.342,0,1,0
1527,4.961,201.572,1,0,0
1528,14.569,68.639,0,1,0
1529,2.382,419.815,1,0,0
1530,1.681,594.884,1,0,0
1531,14.901,67.110,0,1,0
1532,2.122,471.254,1,0,0
1533,2.461,406.339,1,0,0
1534,3.718,268.962,1,0,0
1535,17.944,55.729,0,1,0
1536,2.270,440.529,1,0,0
1537,2.189,456.830,1,0,0
1538,13.604,73.508,0,1,0
1539,19.425,51.480,0,1,0
1540,18.385,54.392,0,1,0
1541,19.550,51.151,0,1,0
1542,17.451,57.303,0,1,0
1543,18.515,54.010,0,1,0
1544,5.588,178.955,1,0,0
1545,22.152,45.143,0,1,0
1546,4.500,222.222,1,0,0
1547,4.305,232.288,1,0,0
1548,21.718,46.045,0,1,0
1549,20.312,49.232,0,1,0
1550,4.515,221.484,1,0,0
1551,21.670,46.147,0,1,0
1552,21.571,46.359,0,1,0
1553,22.176,45.094,0,1,0
1554,19.712,50.731,0,1,0
1555,20.419,48.974,0,1,0
1556,2.886,346.500,1,0,0
1557,3.002,333.111,1,0,0
1558,2.841,351.989,1,0,0
1559,18.980,52.687,0,1,0
1560,1.755,569.801,1,0,0
1561,5.205,192.123,1,0,0
1562,3.050,327.869,1,0,0
1563,3.298,303.214,1,0,0
1564,3.360,297.619,1,0,0
1565,19.433,51.459,0,1,0
1566,3.198,312.695,1,0,0
1567,21.765,45.945,0,1,0
1568,3.626,275.786,1,0,0
1569,2.810,355.872,1,0,0
1570,24.068,41.549,0,1,0
1571,24.849,40.243,0,1,0
1572,27.068,36.944,0,1,0
1573,25.349,39.449,0,1,0
1574,25.345,39.456,0,1,0
1575,2.786,358.938,1,0,0
1576,23.449,42.646,0,1,0
1577,2.638,379.075,1,0,0
1578,3.162,316.256,1,0,0
1579,22.551,44.344,0,1,0
1580,2.146,465.983,1,0,0
1581,2.231,448.229,1,0,0
1582,2.214,451.671,1,0,0
1583,18.611,53.732,0,1,0
1584,1.350,740.741,1,0,0
1585,5.652,176.929,1,0,0
1586,21.119,47.351,0,1,0
1587,2.547,392.619,1,0,0
1588,3.003,333.000,1,0,0
1589,19.158,52.198,0,1,0
1590,2.625,380.952,1,0,0
1591,3.759,266.028,1,0,0
1592,2.599,384.763,1,0,0
1593,16.009,62.465,0,1,0
1594,1.369,730.460,1,0,0
1595,15.591,64.140,0,1,0
1596,4.838,206.697,1,0,0
1597,3.275,305.344,1,0,0
1598,3.795,263.505,1,0,0
1599,21.619,46.256,0,1,0
1600,18.276,54.717,0,1,0
1601,19.305,51.800,0,1,0
1602,19.467,51.369,0,1,0
1603,19.475,51.348,0,1,0
1604,17.679,56.564,0,1,0
1605,17.875,55.944,0,1,0
1606,17.761,56.303,0,1,0
1607,19.550,51.151,0,1,0
1608,19.478,51.340,0,1,0
1609,19.224,52.018,0,1,0
1610,22.669,44.113,0,1,0
1611,5.737,174.307,1,0,0
1612,23.328,42.867,0,1,0
1613,3.876,257.998,1,0,0
1614,3.484,287.026,1,0,0
1615,3.868,258.532,1,0,0
1616,17.893,55.888,0,1,0
1617,17.026,58.734,0,1,0
1618,15.892,62.925,0,1,0
1619,14.119,70.827,0,1,0
1620,12.413,80.561,0,1,0
1621,12.155,82.271,0,1,0
1622,11.322,88.324,0,1,0
1623,9.106,109.818,0,1,0
1624,9.980,100.200,0,1,0
1625,10.782,92.747,0,1,0
1626,3.066,326.158,1,0,0
1627,9.999,100.010,0,1,0
1628,2.800,357.143,1,0,0
1629,2.560,390.625,1,0,0
1630,3.803,262.950,1,0,0
1631,3.379,295.946,1,0,0
1632,9.044,110.571,0,1,0
1633,10.381,96.330,0,1,0
1634,3.203,312.207,1,0,0
1635,4.993,200.280,1,0,0
1636,13.025,76.775,0,1,0
1637,3.334,299.940,1,0,0
1638,13.405,74.599,0,1,0
1639,4.173,239.636,1,0,0
1640,3.637,274.952,1,0,0
1641,3.949,253.229,1,0,0
1642,3.975,251.572,1,0,0
1643,13.973,71.567,0,1,0
1644,3.838,260.552,1,0,0
1645,2.515,397.614,1,0,0
1646,15.648,63.906,0,1,0
1647,19.876,50.312,0,1,0
1648,21.197,47.176,0,1,0
1649,3.099,322.685,1,0,0
1650,3.062,326.584,1,0,0
1651,3.557,281.136,1,0,0
1652,3.108,321.750,1,0,0
1653,6.034,165.728,1,0,0
1654,8.057,124.116,1,0,0
1655,16.690,59.916,0,1,0
1656,2.827,353.732,1,0,0
1657,5.541,180.473,1,0,0
1658,13.531,73.904,0,1,0
1659,12.497,80.019,0,1,0
1660,4.265,234.467,1,0,0
1661,4.294,232.883,1,0,0
1662,3.175,314.961,1,0,0
1663,3.103,322.269,1,0,0
1664,3.476,287.687,1,0,0
1665,24.990,40.016,0,1,0
1666,2.568,389.408,1,0,0
1667,25.614,39.041,0,1,0
1668,2.409,415.110,1,0,0
1669,26.775,37.348,0,1,0
1670,3.118,320.718,1,0,0
1671,2.868,348.675,1,0,0
1672,22.656,44.138,0,1,0
1673,24.960,40.064,0,1,0
1674,21.023,47.567,0,1,0
1675,23.888,41.862,0,1,0
1676,25.416,39.345,0,1,0
1677,1.860,537.634,1,0,0
1678,1.933,517.331,1,0,0
1679,24.200,41.322,0,1,0
1680,5.432,184.094,1,0,0
1681,3.307,302.389,1,0,0
1682,20.612,48.515,0,1,0
1683,22.132,45.183,0,1,0
1684,24.148,41.411,0,1,0
1685,24.979,40.034,0,1,0
1686,27.016,37.015,0,1,0
1687,23.563,42.439,0,1,0
1688,5.351,186.881,1,0,0
1689,5.677,176.149,1,0,0
1690,4.011,249.314,1,0,0
1691,5.462,183.083,1,0,0
1692,20.256,49.368,0,1,0
1693,5.719,174.856,1,0,0
1694,4.976,200.965,1,0,0
1695,23.119,43.254,0,1,0
1696,4.500,222.222,1,0,0
1697,4.495,222.469,1,0,0
1698,4.989,200.441,1,0,0
1699,24.962,40.061,0,1,0
1700,22.954,43.565,0,1,0
1701,27.144,36.841,0,1,0
1702,24.924,40.122,0,1,0
1703,26.998,37.040,0,1,0
1704,6.315,158.353,1,0,0
1705,26.667,37.500,0,1,0
1706,4.932,202.758,1,0,0
1707,24.561,40.715,0,1,0
1708,5.215,191.755,1,0,0
1709,23.618,42.341,0,1,0
1710,3.486,286.862,1,0,0
1711,2.897,345.185,1,0,0
1712,24.931,40.111,0,1,0
1713,2.351,425.351,1,0,0
1714,2.311,432.713,1,0,0
1715,26.014,38.441,0,1,0
1716,2.067,483.793,1,0,0
1717,2.374,421.230,1,0,0
1718,6.309,158.504,1,0,0
1719,28.064,35.633,0,1,0
1720,4.432,225.632,1,0,0
1721,3.956,252.781,1,0,0
1722,21.224,47.116,0,1,0
1723,22.401,44.641,0,1,0
1724,24.605,40.642,0,1,0
1725,19.961,50.098,0,1,0
1726,20.511,48.754,0,1,0
1727,22.108,45.232,0,1,0
1728,5.278,189.466,1,0,0
1729,3.389,295.072,1,0,0
1730,19.443,51.432,0,1,0
1731,2.873,348.068,1,0,0
1732,19.248,51.953,0,1,0
1733,3.041,328.839,1,0,0
1734,3.534,282.965,1,0,0
1735,3.160,316.456,1,0,0
1736,19.310,51.787,0,1,0
1737,3.631,275.406,1,0,0
1738,4.725,211.640,1,0,0
1739,5.860,170.648,1,0,0
1740,5.141,194.515,1,0,0
1741,18.030,55.463,0,1,0
1742,4.099,243.962,1,0,0
1743,18.626,53.688,0,1,0
1744,3.796,263.435,1,0,0
1745,3.483,287.109,1,0,0
1746,18.410,54.318,0,1,0
1747,4.285,233.372,1,0,0
1748,17.969,55.651,0,1,0
1749,4.285,233.372,1,0,0
1750,3.882,257.599,1,0,0
1751,33.223,30.100,0,1,0
1752,3.977,251.446,1,0,0
1753,33.019,30.286,0,1,0
1754,2.851,350.754,1,0,0
1755,2.915,343.053,1,0,0
1756,2.217,451.060,1,0,0
1757,4.027,248.324,1,0,0
1758,33.431,29.912,0,1,0
1759,9.915,100.857,1,0,0
1760,9.160,109.170,1,0,0
1761,14.375,69.565,1,0,0
1762,26.437,37.826,0,1,0
1763,3.409,293.341,1,0,0
1764,2.382,419.815,1,0,0
1765,2.650,377.358,1,0,0
1766,14.313,69.867,0,1,0
1767,2.140,467.290,1,0,0
1768,13.498,74.085,0,1,0
1769,1.885,530.504,1,0,0
1770,13.534,73.888,0,1,0
1771,13.047,76.646,0,1,0
1772,11.468,87.199,0,1,0
1773,14.100,70.922,0,1,0
1774,14.678,68.129,0,1,0
1775,14.791,67.609,0,1,0
1776,17.954,55.698,0,1,0
1777,6.210,161.031,1,0,0
1778,20.853,47.955,0,1,0
1779,20.928,47.783,0,1,0
1780,20.950,47.733,0,1,0
1781,2.286,437.445,1,0,0
1782,2.450,408.163,1,0,0
1783,2.331,429.000,1,0,0
1784,4.775,209.424,1,0,0
1785,26.208,38.156,0,1,0
1786,5.943,168.265,1,0,0
1787,22.625,44.199,0,1,0
1788,2.316,431.779,1,0,0
1789,2.028,493.097,1,0,0
1790,2.993,334.113,1,0,0
1791,2.119,471.921,1,0,0
1792,3.405,293.686,1,0,0
1793,3.070,325.733,1,0,0
1794,3.272,305.623,1,0,0
1795,2.656,376.506,1,0,0
1796,4.251,235.239,1,0,0
1797,22.808,43.844,0,1,0
1798,5.488,182.216,1,0,0
1799,4.558,219.394,1,0,0
1800,4.298,232.666,1,0,0
1801,3.782,264.410,1,0,0
1802,18.385,54.392,0,1,0
1803,20.613,48.513,0,1,0
1804,5.940,168.350,1,0,0
1805,20.511,48.754,0,1,0
1806,5.212,191.865,1,0,0
1807,15.126,66.111,0,1,0
1808,2.887,346.380,1,0,0
1809,17.696,56.510,0,1,0
1810,5.256,190.259,1,0,0
1811,5.647,177.085,1,0,0
1812,24.429,40.935,0,1,0
1813,4.465,223.964,1,0,0
1814,5.529,180.865,1,0,0
1815,20.216,49.466,0,1,0
1816,4.603,217.250,1,0,0
1817,4.483,223.065,1,0,0
1818,17.810,56.148,0,1,0
1819,5.260,190.114,1,0,0
1820,17.877,55.938,0,1,0
1821,20.937,47.762,0,1,0
1822,20.483,48.821,0,1,0
1823,20.792,48.095,0,1,0
1824,3.879,257.798,1,0,0
1825,22.869,43.727,0,1,0
1826,4.286,233.318,1,0,0
1827,3.479,287.439,1,0,0
1828,2.518,397.141,1,0,0
1829,3.894,256.805,1,0,0
1830,21.362,46.812,0,1,0
1831,5.222,191.498,1,0,0
1832,17.931,55.769,0,1,0
1833,3.686,271.297,1,0,0
1834,3.813,262.261,1,0,0
1835,20.741,48.214,0,1,0
1836,2.335,428.266,1,0,0
1837,2.206,453.309,1,0,0
1838,17.808,56.155,0,1,0
1839,2.210,452.489,1,0,0
1840,1.932,517.598,1,0,0
1841,2.290,436.681,1,0,0
1842,21.891,45.681,0,1,0
1843,3.066,326.158,1,0,0
1844,21.594,46.309,0,1,0
1845,1.826,547.645,1,0,0
1846,18.002,55.549,0,1,0
1847,21.999,45.457,0,1,0
1848,20.254,49.373,0,1,0
1849,20.647,48.433,0,1,0
1850,23.161,43.176,0,1,0
1851,6.482,154.273,1,0,0
1852,26.587,37.612,0,1,0
1853,3.604,277.469,1,0,0
1854,21.036,47.538,0,1,0
1855,22.466,44.512,0,1,0
1856,21.130,47.326,0,1,0
1857,2.770,361.011,1,0,0
1858,3.143,318.167,1,0,0
1859,19.088,52.389,0,1,0
1860,19.374,51.616,0,1,0
1861,5.909,169.233,1,0,0
1862,23.694,42.205,0,1,0
1863,3.385,295.421,1,0,0
1864,6.512,153.563,1,0,0
1865,6.826,146.499,1,0,0
1866,5.416,184.638,1,0,0
1867,16.041,62.340,0,1,0
1868,3.579,279.408,1,0,0
1869,4.620,216.450,1,0,0
1870,10.645,93.941,0,1,0
1871,3.395,294.551,1,0,0
1872,3.330,300.300,1,0,0
1873,4.302,232.450,1,0,0
1874,10.889,91.836,0,1,0
1875,4.721,211.820,1,0,0
1876,3.625,275.862,1,0,0
1877,2.565,389.864,1,0,0
1878,17.666,56.606,0,1,0
1879,3.207,311.818,1,0,0
1880,5.311,188.288,1,0,0
1881,23.898,41.845,0,1,0
1882,3.927,254.647,1,0,0
1883,7.389,135.336,1,0,0
1884,25.786,38.781,0,1,0
1885,4.460,224.215,1,0,0
1886,3.753,266.454,1,0,0
1887,20.394,49.034,0,1,0
1888,3.690,271.003,1,0,0
1889,17.284,57.857,0,1,0
1890,16.364,61.110,0,1,0
1891,2.842,351.865,1,0,0
1892,2.828,353.607,1,0,0
1893,5.134,194.780,1,0,0
1894,16.772,59.623,0,1,0
1895,4.475,223.464,1,0,0
1896,4.742,210.881,1,0,0
1897,3.476,287.687,1,0,0
1898,3.156,316.857,1,0,0
1899,14.725,67.912,0,1,0
1900,3.380,295.858,1,0,0
1901,12.290,81.367,0,1,0
1902,3.802,263.019,1,0,0
1903,3.525,283.688,1,0,0
1904,4.605,217.155,1,0,0
1905,5.038,198.491,1,0,0
1906,4.639,215.564,1,0,0
1907,14.635,68.329,0,1,0
1908,14.742,67.833,0,1,0
1909,3.785,264.201,1,0,0
1910,3.598,277.932,1,0,0
1911,14.497,68.980,0,1,0
1912,15.519,64.437,0,1,0
1913,5.379,185.908,1,0,0
1914,5.204,192.160,1,0,0
1915,13.458,74.305,0,1,0
1916,4.798,208.420,1,0,0
1917,14.023,71.311,0,1,0
1918,17.475,57.225,0,1,0
1919,19.469,51.364,0,1,0
1920,17.894,55.885,0,1,0
1921,2.878,347.464,1,0,0
1922,3.886,257.334,1,0,0
1923,17.261,57.934,0,1,0
1924,5.686,175.871,1,0,0
1925,16.810,59.488,0,1,0
1926,3.437,290.951,1,0,0
1927,17.095,58.497,0,1,0
1928,13.078,76.464,0,1,0
1929,13.720,72.886,0,1,0
1930,4.892,204.415,1,0,0
1931,3.882,257.599,1,0,0
1932,4.719,211.909,1,0,0
1933,4.683,213.538,1,0,0
1934,3.533,283.046,1,0,0
1935,4.827,207.168,1,0,0
1936,15.492,64.549,0,1,0
1937,3.635,275.103,1,0,0
1938,9.200,108.696,0,1,0
1939,12.207,81.920,0,1,0
1940,11.562,86.490,0,1,0
1941,14.455,69.180,0,1,0
1942,19.155,52.206,0,1,0
1943,22.324,44.795,0,1,0
1944,22.185,45.076,0,1,0
1945,5.493,182.050,1,0,0
1946,5.263,190.006,1,0,0
1947,4.787,208.899,1,0,0
1948,5.738,174.277,1,0,0
1949,5.560,179.856,1,0,0
1950,14.384,69.522,0,1,0
1951,2.448,408.497,1,0,0
1952,2.317,431.593,1,0,0
1953,1.419,704.722,1,0,0
1954,1.532,652.742,1,0,0
1955,16.978,58.900,0,1,0
1956,1.888,529.661,1,0,0
1957,3.205,312.012,1,0,0
1958,4.458,224.316,1,0,0
1959,14.059,71.129,0,1,0
1960,15.129,66.098,0,1,0
1961,15.377,65.032,0,1,0
1962,13.995,71.454,0,1,0
1963,11.923,83.872,0,1,0
1964,10.650,93.897,0,1,0
1965,2.462,406.174,1,0,0
1966,12.347,80.991,0,1,0
1967,13.931,71.782,0,1,0
1968,14.878,67.213,0,1,0
1969,17.161,58.272,0,1,0
1970,17.413,57.428,0,1,0
1971,5.549,180.213,1,0,0
1972,19.698,50.767,0,1,0
1973,3.106,321.958,1,0,0
1974,4.143,241.371,1,0,0
1975,14.253,70.161,0,1,0
1976,13.681,73.094,0,1,0
1977,2.708,369.276,1,0,0
1978,3.901,256.345,1,0,0
1979,3.358,297.796,1,0,0
1980,3.154,317.058,1,0,0
1981,5.041,198.373,1,0,0
1982,15.197,65.802,0,1,0
1983,4.898,204.165,1,0,0
1984,4.864,205.592,1,0,0
1985,3.986,250.878,1,0,0
1986,15.521,64.429,0,1,0
1987,15.462,64.675,0,1,0
1988,14.263,70.111,0,1,0
1989,14.104,70.902,0,1,0
1990,16.334,61.222,0,1,0
1991,15.676,63.792,0,1,0
1992,15.762,63.444,0,1,0
1993,17.661,56.622,0,1,0
1994,17.642,56.683,0,1,0
1995,4.382,228.206,1,0,0
1996,15.598,64.111,0,1,0
1997,3.845,260.078,1,0,0
1998,3.371,296.648,1,0,0
1999,2.460,406.504,1,0,0
2000,13.084,76.429,0,1,0
2001,12.374,80.815,0,1,0
2002,2.638,379.075,1,0,0
2003,3.016,331.565,1,0,0
2004,2.207,453.104,1,0,0
2005,3.409,293.341,1,0,0
2006,2.276,439.367,1,0,0
2007,3.074,325.309,1,0,0
2008,12.573,79.536,0,1,0
2009,3.837,260.620,1,0,0
2010,12.941,77.274,0,1,0
2011,2.603,384.172,1,0,0
2012,13.329,75.024,0,1,0
2013,3.229,309.693,1,0,0
2014,5.733,174.429,1,0,0
2015,3.699,270.343,1,0,0
2016,11.698,85.485,0,1,0
2017,14.212,70.363,0,1,0
2018,13.985,71.505,0,1,0
2019,13.809,72.417,0,1,0
2020,15.291,65.398,0,1,0
2021,4.666,214.316,1,0,0
2022,3.461,288.934,1,0,0
2023,2.396,417.362,1,0,0
2024,2.364,423.012,1,0,0
2025,11.502,86.941,0,1,0
2026,2.422,412.882,1,0,0
2027,10.628,94.091,0,1,0
2028,11.011,90.818,0,1,0
2029,10.392,96.228,0,1,0
2030,11.178,89.461,0,1,0
2031,10.365,96.479,0,1,0
2032,9.444,105.887,0,1,0
2033,12.354,80.945,0,1,0
2034,12.405,80.613,0,1,0
2035,12.759,78.376,0,1,0
2036,17.045,58.668,0,1,0
2037,18.437,54.239,0,1,0
2038,16.549,60.427,0,1,0
2039,18.025,55.479,0,1,0
2040,17.413,57.428,0,1,0
2041,12.904,77.495,0,1,0
2042,11.886,84.133,0,1,0
2043,13.542,73.844,0,1,0
2044,11.780,84.890,0,1,0
2045,12.622,79.227,0,1,0
2046,13.276,75.324,0,1,0
2047,14.868,67.259,0,1,0
2048,14.649,68.264,0,1,0
2049,14.947,66.903,0,1,0
2050,14.273,70.062,0,1,0
2051,4.252,235.183,1,0,0
2052,4.371,228.781,1,0,0
2053,18.216,54.897,0,1,0
2054,16.367,61.099,0,1,0
2055,17.457,57.284,0,1,0
2056,17.900,55.866,0,1,0
2057,19.563,51.117,0,1,0
2058,5.564,179.727,1,0,0
2059,5.528,180.897,1,0,0
2060,20.806,48.063,0,1,0
2061,5.649,177.022,1,0,0
2062,4.806,208.073,1,0,0
2063,16.405,60.957,0,1,0
2064,15.998,62.508,0,1,0
2065,17.733,56.392,0,1,0
2066,17.838,56.060,0,1,0
2067,22.966,43.543,0,1,0
2068,20.484,48.819,0,1,0
2069,21.168,47.241,0,1,0
2070,21.047,47.513,0,1,0
2071,21.369,46.797,0,1,0
2072,19.403,51.538,0,1,0
2073,5.207,192.049,1,0,0
2074,20.510,48.757,0,1,0
2075,4.366,229.043,1,0,0
2076,4.463,224.065,1,0,0
2077,7.337,136.295,1,0,0
2078,24.635,40.593,0,1,0
2079,5.865,170.503,1,0,0
2080,5.036,198.570,1,0,0
2081,5.173,193.311,1,0,0
2082,21.910,45.641,0,1,0
2083,4.440,225.225,1,0,0
2084,6.175,161.943,1,0,0
2085,22.010,45.434,0,1,0
2086,18.354,54.484,0,1,0
2087,19.511,51.253,0,1,0
2088,14.820,67.476,0,1,0
2089,18.812,53.158,0,1,0
2090,18.897,52.918,0,1,0
2091,4.710,212.314,1,0,0
2092,4.440,225.225,1,0,0
2093,23.642,42.298,0,1,0
2094,5.242,190.767,1,0,0
2095,4.813,207.771,1,0,0
2096,4.758,210.172,1,0,0
2097,18.734,53.379,0,1,0
2098,3.640,274.725,1,0,0
2099,14.184,70.502,0,1,0
2100,2.875,347.826,1,0,0
2101,2.159,463.177,1,0,0
2102,1.430,699.301,1,0,0
2103,3.384,295.508,1,0,0
2104,13.332,75.008,0,1,0
2105,2.377,420.698,1,0,0
2106,2.043,489.476,1,0,0
2107,3.749,266.738,1,0,0
2108,2.375,421.053,1,0,0
2109,13.378,74.750,0,1,0
2110,1.787,559.597,1,0,0
2111,16.067,62.239,0,1,0
2112,1.401,713.776,1,0,0
2113,2.181,458.505,1,0,0
2114,19.716,50.720,0,1,0
2115,20.522,48.728,0,1,0
2116,22.912,43.645,0,1,0
2117,27.243,36.707,0,1,0
2118,6.274,159.388,1,0,0
2119,4.407,226.912,1,0,0
2120,26.083,38.339,0,1,0
2121,4.284,233.427,1,0,0
2122,24.499,40.818,0,1,0
2123,5.981,167.196,1,0,0
2124,5.350,186.916,1,0,0
2125,4.736,211.149,1,0,0
2126,23.367,42.795,0,1,0
2127,3.722,268.673,1,0,0
2128,22.230,44.984,0,1,0
2129,4.549,219.829,1,0,0
2130,5.244,190.694,1,0,0
2131,18.618,53.711,0,1,0
2132,4.287,233.263,1,0,0
2133,20.712,48.281,0,1,0
2134,5.229,191.241,1,0,0
2135,19.792,50.525,0,1,0
2136,3.935,254.130,1,0,0
2137,3.724,268.528,1,0,0
2138,4.981,200.763,1,0,0
2139,17.887,55.907,0,1,0
2140,18.279,54.708,0,1,0
2141,17.439,57.343,0,1,0
2142,4.893,204.374,1,0,0
2143,20.795,48.088,0,1,0
2144,4.909,203.707,1,0,0
2145,15.758,63.460,0,1,0
2146,6.156,162.443,1,0,0
2147,5.054,197.863,1,0,0
2148,20.066,49.836,0,1,0
2149,4.009,249.439,1,0,0
2150,18.620,53.706,0,1,0
2151,6.866,145.645,1,0,0
2152,15.014,66.605,0,1,0
2153,3.292,303.767,1,0,0
2154,2.984,335.121,1,0,0
2155,3.537,282.725,1,0,0
2156,20.111,49.724,0,1,0
2157,3.814,262.192,1,0,0
2158,3.257,307.031,1,0,0
2159,4.726,211.595,1,0,0
2160,19.198,52.089,0,1,0
2161,5.201,192.271,1,0,0
2162,14.999,66.671,0,1,0
2163,15.930,62.775,0,1,0
2164,16.069,62.232,0,1,0
2165,17.547,56.990,0,1,0
2166,15.489,64.562,0,1,0
2167,14.338,69.745,0,1,0
2168,2.672,374.251,1,0,0
2169,2.737,365.364,1,0,0
2170,12.683,78.846,0,1,0
2171,14.271,70.072,0,1,0
2172,4.075,245.399,1,0,0
2173,4.983,200.682,1,0,0
2174,3.066,326.158,1,0,0
2175,14.750,67.797,0,1,0
2176,3.926,254.712,1,0,0
2177,3.224,310.174,1,0,0
2178,4.151,240.906,1,0,0
2179,13.963,71.618,0,1,0
2180,3.828,261.233,1,0,0
2181,14.968,66.809,0,1,0
2182,3.457,289.268,1,0,0
2183,3.797,263.366,1,0,0
2184,2.653,376.932,1,0,0
2185,13.796,72.485,0,1,0
2186,5.449,183.520,1,0,0
2187,15.505,64.495,0,1,0
2188,4.837,206.740,1,0,0
2189,16.416,60.916,0,1,0
2190,9.666,103.455,0,1,0
2191,11.441,87.405,0,1,0
2192,10.787,92.704,0,1,0
2193,4.716,212.044,1,0,0
2194,11.475,87.146,0,1,0
2195,5.002,199.920,1,0,0
2196,13.169,75.936,0,1,0
2197,4.111,243.250,1,0,0
2198,3.548,281.849,1,0,0
2199,4.871,205.297,1,0,0
2200,2.449,408.330,1,0,0
2201,21.720,46.041,0,1,0
2202,2.155,464.037,1,0,0
2203,20.554,48.652,0,1,0
2204,2.173,460.193,1,0,0
2205,21.885,45.693,0,1,0
2206,2.195,455.581,1,0,0
2207,21.950,45.558,0,1,0
2208,2.254,443.656,1,0,0
2209,2.348,425.894,1,0,0
2210,2.117,472.367,1,0,0
2211,2.691,371.609,1,0,0
2212,22.618,44.213,0,1,0
2213,20.432,48.943,0,1,0
2214,20.587,48.574,0,1,0
2215,17.775,56.259,0,1,0
2216,15.812,63.243,0,1,0
2217,13.747,72.743,0,1,0
2218,14.772,67.696,0,1,0
2219,4.694,213.038,1,0,0
2220,13.886,72.015,0,1,0
2221,4.091,244.439,1,0,0
2222,4.703,212.630,1,0,0
2223,13.340,74.963,0,1,0
2224,3.610,277.008,1,0,0
2225,14.315,69.857,0,1,0
2226,4.309,232.072,1,0,0
2227,16.323,61.263,0,1,0
2228,4.543,220.119,1,0,0
2229,4.539,220.313,1,0,0
2230,4.870,205.339,1,0,0
2231,16.172,61.835,0,1,0
2232,4.684,213.493,1,0,0
2233,16.002,62.492,0,1,0
2234,2.898,345.066,1,0,0
2235,2.107,474.608,1,0,0
2236,11.891,84.097,0,1,0
2237,4.408,226.860,1,0,0
2238,13.042,76.675,0,1,0
2239,3.526,283.607,1,0,0
2240,11.221,89.119,0,1,0
2241,3.650,273.973,1,0,0
2242,3.149,317.561,1,0,0
2243,13.739,72.786,0,1,0
2244,3.254,307.314,1,0,0
2245,3.622,276.091,1,0,0
2246,15.849,63.095,0,1,0
2247,2.198,454.959,1,0,0
2248,2.354,424.809,1,0,0
2249,12.864,77.736,0,1,0
2250,1.966,508.647,1,0,0
2251,1.990,502.513,1,0,0
2252,15.049,66.450,0,1,0
2253,2.281,438.404,1,0,0
2254,19.584,51.062,0,1,0
2255,20.456,48.885,0,1,0
2256,4.600,217.391,1,0,0
2257,2.720,367.647,1,0,0
2258,5.295,188.857,1,0,0
2259,2.669,374.672,1,0,0
2260,4.895,204.290,1,0,0
2261,4.474,223.514,1,0,0
2262,16.456,60.768,0,1,0
2263,4.084,244.858,1,0,0
2264,4.249,235.349,1,0,0
2265,15.693,63.723,0,1,0
2266,4.020,248.756,1,0,0
2267,3.283,304.599,1,0,0
2268,4.559,219.346,1,0,0
2269,3.916,255.363,1,0,0
2270,15.956,62.672,0,1,0
2271,17.477,57.218,0,1,0
2272,18.517,54.004,0,1,0
2273,5.479,182.515,1,0,0
2274,3.968,252.016,1,0,0
2275,18.553,53.900,0,1,0
2276,3.586,278.862,1,0,0
2277,4.479,223.264,1,0,0
2278,5.101,196.040,1,0,0
2279,18.985,52.673,0,1,0
2280,4.509,221.779,1,0,0
2281,4.971,201.167,1,0,0
2282,5.131,194.894,1,0,0
2283,4.904,203.915,1,0,0
2284,4.817,207.598,1,0,0
2285,20.022,49.945,0,1,0
2286,2.169,461.042,1,0,0
2287,2.891,345.901,1,0,0
2288,3.823,261.575,1,0,0
2289,17.093,58.503,0,1,0
2290,2.000,500.000,1,0,0
2291,19.681,50.810,0,1,0
2292,1.697,589.275,1,0,0
2293,2.367,422.476,1,0,0
2294,19.927,50.183,0,1,0
2295,2.665,375.235,1,0,0
2296,4.905,203.874,1,0,0
2297,4.591,217.817,1,0,0
2298,21.503,46.505,0,1,0
2299,20.342,49.159,0,1,0
2300,23.836,41.953,0,1,0
2301,24.664,40.545,0,1,0
2302,2.916,342.936,1,0,0
2303,6.283,159.160,1,0,0
2304,25.392,39.382,0,1,0
2305,27.408,36.486,0,1,0
2306,27.357,36.554,0,1,0
2307,5.948,168.124,1,0,0
2308,3.972,251.762,1,0,0
2309,4.276,233.863,1,0,0
2310,2.654,376.790,1,0,0
2311,3.355,298.063,1,0,0
2312,6.574,152.114,1,0,0
2313,16.340,61.200,0,1,0
2314,13.969,71.587,0,1,0
2315,4.790,208.768,1,0,0
2316,5.257,190.223,1,0,0
2317,12.638,79.126,0,1,0
2318,12.857,77.779,0,1,0
2319,12.364,80.880,0,1,0
2320,3.125,320.000,1,0,0
2321,4.824,207.297,1,0,0
2322,5.636,177.431,1,0,0
2323,15.570,64.226,0,1,0
2324,4.601,217.344,1,0,0
2325,17.007,58.799,0,1,0
2326,16.197,61.740,0,1,0
2327,16.446,60.805,0,1,0
2328,15.943,62.723,0,1,0
2329,15.900,62.893,0,1,0
2330,16.464,60.739,0,1,0
2331,16.949,59.001,0,1,0
2332,5.265,189.934,1,0,0
2333,17.091,58.510,0,1,0
2334,13.728,72.844,0,1,0
2335,17.130,58.377,0,1,0
2336,17.937,55.751,0,1,0
2337,17.589,56.854,0,1,0
2338,3.890,257.069,1,0,0
2339,2.102,475.737,1,0,0
2340,2.218,450.857,1,0,0
2341,16.393,61.002,0,1,0
2342,19.424,51.483,0,1,0
2343,6.194,161.447,1,0,0
2344,2.871,348.311,1,0,0
2345,18.041,55.429,0,1,0
2346,3.581,279.252,1,0,0
2347,3.004,332.889,1,0,0
2348,18.177,55.015,0,1,0
2349,2.822,354.359,1,0,0
2350,2.967,337.041,1,0,0
2351,2.207,453.104,1,0,0
2352,19.396,51.557,0,1,0
2353,5.206,192.086,1,0,0
2354,23.195,43.113,0,1,0
2355,3.719,268.889,1,0,0
2356,4.377,228.467,1,0,0
2357,21.147,47.288,0,1,0
2358,3.970,251.889,1,0,0
2359,3.954,252.908,1,0,0
2360,4.463,224.065,1,0,0
2361,3.947,253.357,1,0,0
2362,17.842,56.048,0,1,0
2363,4.982,200.723,1,0,0
2364,4.993,200.280,1,0,0
2365,18.151,55.093,0,1,0
2366,5.099,196.117,1,0,0
2367,3.647,274.198,1,0,0
2368,14.276,70.048,0,1,0
2369,5.056,197.785,1,0,0
2370,16.428,60.872,0,1,0
2371,14.607,68.460,0,1,0
2372,4.102,243.784,1,0,0
2373,3.723,268.601,1,0,0
2374,15.294,65.385,0,1,0
2375,3.433,291.290,1,0,0
2376,4.977,200.924,1,0,0
2377,5.324,187.829,1,0,0
2378,12.334,81.077,0,1,0
2379,3.440,290.698,1,0,0
2380,3.884,257.467,1,0,0
2381,4.044,247.280,1,0,0
2382,12.912,77.447,0,1,0
2383,3.585,278.940,1,0,0
2384,3.741,267.308,1,0,0
2385,2.710,369.004,1,0,0
2386,3.324,300.842,1,0,0
2387,6.030,165.837,1,0,0
2388,34.095,29.330,0,1,0
2389,3.215,311.042,1,0,0
2390,10.627,94.100,0,1,0
2391,3.293,303.674,1,0,0
2392,2.948,339.213,1,0,0
2393,3.353,298.240,1,0,0
2394,27.079,36.929,0,1,0
2395,25.845,38.692,0,1,0
2396,24.960,40.064,0,1,0
2397,22.530,44.385,0,1,0
2398,2.691,371.609,1,0,0
2399,12.620,79.239,0,1,0
2400,17.304,57.790,0,1,0
2401,2.019,495.295,1,0,0
2402,2.704,369.822,1,0,0
2403,2.408,415.282,1,0,0
2404,19.874,50.317,0,1,0
2405,18.949,52.773,0,1,0
2406,20.389,49.046,0,1,0
2407,23.579,42.411,0,1,0
2408,21.201,47.168,0,1,0
2409,2.985,335.008,1,0,0
2410,3.449,289.939,1,0,0
2411,21.357,46.823,0,1,0
2412,2.580,387.597,1,0,0
2413,2.435,410.678,1,0,0
2414,2.258,442.870,1,0,0
2415,2.534,394.633,1,0,0
2416,2.220,450.450,1,0,0
2417,2.330,429.185,1,0,0
2418,2.400,416.667,1,0,0
2419,2.390,418.410,1,0,0
2420,19.909,50.229,0,1,0
2421,20.760,48.170,0,1,0
2422,20.483,48.821,0,1,0
2423,21.388,46.755,0,1,0
2424,19.220,52.029,0,1,0
2425,20.630,48.473,0,1,0
2426,22.277,44.889,0,1,0
2427,20.949,47.735,0,1,0
2428,2.998,333.556,1,0,0
2429,3.357,297.885,1,0,0
2430,3.106,321.958,1,0,0
2431,3.732,267.953,1,0,0
2432,3.093,323.311,1,0,0
2433,4.355,229.621,1,0,0
2434,22.319,44.805,0,1,0
2435,2.582,387.297,1,0,0
2436,2.525,396.040,1,0,0
2437,20.540,48.685,0,1,0
2438,1.708,585.480,1,0,0
2439,5.095,196.271,1,0,0
2440,23.731,42.139,0,1,0
2441,4.470,223.714,1,0,0
2442,3.828,261.233,1,0,0
2443,22.710,44.033,0,1,0
2444,2.680,373.134,1,0,0
2445,2.333,428.633,1,0,0
2446,1.891,528.821,1,0,0
2447,1.723,580.383,1,0,0
2448,5.239,190.876,1,0,0
2449,3.492,286.369,1,0,0
2450,19.059,52.469,0,1,0
2451,21.051,47.504,0,1,0
2452,19.743,50.651,0,1,0
2453,4.300,232.558,1,0,0
2454,2.885,346.620,1,0,0
2455,19.636,50.927,0,1,0
2456,3.179,314.564,1,0,0
2457,24.391,40.999,0,1,0
2458,23.621,42.335,0,1,0
2459,23.105,43.281,0,1,0
2460,24.025,41.623,0,1,0
2461,4.703,212.630,1,0,0
2462,2.883,346.861,1,0,0
2463,18.406,54.330,0,1,0
2464,17.484,57.195,0,1,0
2465,16.131,61.992,0,1,0
2466,16.194,61.751,0,1,0
2467,15.988,62.547,0,1,0
2468,13.802,72.453,0,1,0
2469,13.171,75.924,0,1,0
2470,10.629,94.082,0,1,0
2471,11.045,90.539,0,1,0
2472,4.583,218.198,1,0,0
2473,4.175,239.521,1,0,0
2474,13.726,72.854,0,1,0
2475,4.182,239.120,1,0,0
2476,8.242,121.330,0,1,0
2477,11.337,88.207,0,1,0
2478,2.161,462.749,1,0,0
2479,2.542,393.391,1,0,0
2480,12.685,78.833,0,1,0
2481,1.372,728.863,1,0,0
2482,17.898,55.872,0,1,0
2483,17.669,56.596,0,1,0
2484,16.115,62.054,0,1,0
2485,17.555,56.964,0,1,0
2486,2.211,452.284,1,0,0
2487,18.666,53.573,0,1,0
2488,18.655,53.605,0,1,0
2489,18.226,54.867,0,1,0
2490,5.371,186.185,1,0,0
2491,19.488,51.314,0,1,0
2492,15.121,66.133,0,1,0
2493,16.210,61.690,0,1,0
2494,17.567,56.925,0,1,0
2495,18.571,53.847,0,1,0
2496,17.706,56.478,0,1,0
2497,17.300,57.803,0,1,0
2498,21.184,47.205,0,1,0
2499,24.886,40.183,0,1,0
2500,5.492,182.083,1,0,0
2501,25.766,38.811,0,1,0
2502,26.653,37.519,0,1,0
2503,25.878,38.643,0,1,0
2504,22.405,44.633,0,1,0
2505,22.232,44.980,0,1,0
2506,4.453,224.568,1,0,0
2507,24.231,41.269,0,1,0
2508,4.520,221.239,1,0,0
2509,3.552,281.532,1,0,0
2510,21.542,46.421,0,1,0
2511,3.901,256.345,1,0,0
2512,4.112,243.191,1,0,0
2513,21.098,47.398,0,1,0
2514,4.696,212.947,1,0,0
2515,5.659,176.710,1,0,0
2516,21.853,45.760,0,1,0
2517,2.671,374.392,1,0,0
2518,20.955,47.721,0,1,0
2519,20.959,47.712,0,1,0
2520,20.910,47.824,0,1,0
2521,19.955,50.113,0,1,0
2522,19.232,51.997,0,1,0
2523,2.328,429.553,1,0,0
2524,17.273,57.894,0,1,0
2525,2.221,450.248,1,0,0
2526,3.099,322.685,1,0,0
2527,3.892,256.937,1,0,0
2528,4.336,230.627,1,0,0
2529,5.159,193.836,1,0,0
2530,14.281,70.023,0,1,0
2531,5.983,167.140,1,0,0
2532,15.486,64.574,0,1,0
2533,4.939,202.470,1,0,0
2534,4.224,236.742,1,0,0
2535,3.290,303.951,1,0,0
2536,14.406,69.416,0,1,0
2537,4.787,208.899,1,0,0
2538,17.124,58.398,0,1,0
2539,4.317,231.642,1,0,0
2540,4.672,214.041,1,0,0
2541,19.626,50.953,0,1,0
2542,4.502,222.124,1,0,0
2543,1.662,601.685,1,0,0
2544,1.804,554.324,1,0,0
2545,16.763,59.655,0,1,0
2546,2.234,447.628,1,0,0
2547,4.911,203.625,1,0,0
2548,4.977,200.924,1,0,0
2549,3.536,282.805,1,0,0
2550,2.327,429.738,1,0,0
2551,18.573,53.842,0,1,0
2552,1.995,501.253,1,0,0
2553,20.839,47.987,0,1,0
2554,1.728,578.704,1,0,0
2555,1.786,559.910,1,0,0
2556,18.244,54.813,0,1,0
2557,1.842,542.888,1,0,0
2558,2.147,465.766,1,0,0
2559,18.501,54.051,0,1,0
2560,2.385,419.287,1,0,0
2561,2.262,442.087,1,0,0
2562,1.737,575.705,1,0,0
2563,5.865,170.503,1,0,0
2564,20.352,49.135,0,1,0
2565,17.768,56.281,0,1,0
2566,19.069,52.441,0,1,0
2567,2.451,407.997,1,0,0
2568,2.275,439.560,1,0,0
2569,20.077,49.808,0,1,0
2570,2.319,431.220,1,0,0
2571,18.709,53.450,0,1,0
2572,18.261,54.762,0,1,0
2573,19.213,52.048,0,1,0
2574,20.752,48.188,0,1,0
2575,20.338,49.169,0,1,0
2576,18.863,53.014,0,1,0
2577,17.912,55.828,0,1,0
2578,3.226,309.981,1,0,0
2579,3.026,330.469,1,0,0
2580,15.501,64.512,0,1,0
2581,2.516,397.456,1,0,0
2582,3.799,263.227,1,0,0
2583,14.359,69.643,0,1,0
2584,3.683,271.518,1,0,0
2585,3.049,327.976,1,0,0
2586,15.241,65.612,0,1,0
2587,1.311,762.777,1,0,0
2588,15.856,63.068,0,1,0
2589,2.101,475.964,1,0,0
2590,1.821,549.149,1,0,0
2591,14.759,67.755,0,1,0
2592,15.775,63.391,0,1,0
2593,2.822,354.359,1,0,0
2594,19.504,51.272,0,1,0
2595,19.440,51.440,0,1,0
2596,19.063,52.458,0,1,0
2597,17.558,56.954,0,1,0
2598,16.267,61.474,0,1,0
2599,4.009,249.439,1,0,0
2600,3.596,278.087,1,0,0
2601,14.657,68.227,0,1,0
2602,15.141,66.046,0,1,0
2603,14.025,71.301,0,1,0
2604,14.710,67.981,0,1,0
2605,15.641,63.935,0,1,0
2606,4.100,243.902,1,0,0
2607,3.703,270.051,1,0,0
2608,18.752,53.328,0,1,0
2609,4.033,247.954,1,0,0
2610,3.009,332.336,1,0,0
2611,18.869,52.997,0,1,0
2612,3.099,322.685,1,0,0
2613,1.919,521.105,1,0,0
2614,18.050,55.402,0,1,0
2615,1.843,542.594,1,0,0
2616,1.802,554.939,1,0,0
2617,2.274,439.754,1,0,0
2618,1.795,557.103,1,0,0
2619,2.169,461.042,1,0,0
2620,16.451,60.787,0,1,0
2621,2.397,417.188,1,0,0
2622,16.327,61.248,0,1,0
2623,15.913,62.842,0,1,0
2624,2.843,351.741,1,0,0
2625,5.444,183.688,1,0,0
2626,4.720,211.864,1,0,0
2627,3.222,310.366,1,0,0
2628,15.998,62.508,0,1,0
2629,15.765,63.432,0,1,0
2630,16.033,62.371,0,1,0
2631,17.501,57.140,0,1,0
2632,16.073,62.216,0,1,0
2633,12.070,82.850,0,1,0
2634,14.515,68.894,0,1,0
2635,16.463,60.742,0,1,0
2636,15.420,64.851,0,1,0
2637,4.861,205.719,1,0,0
2638,2.564,390.016,1,0,0
2639,16.017,62.434,0,1,0
2640,18.535,53.952,0,1,0
2641,4.805,208.117,1,0,0
2642,3.147,317.763,1,0,0
2643,17.573,56.905,0,1,0
2644,18.947,52.779,0,1,0
2645,2.138,467.727,1,0,0
2646,1.651,605.694,1,0,0
2647,1.901,526.039,1,0,0
2648,1.832,545.852,1,0,0
2649,4.593,217.723,1,0,0
2650,19.122,52.296,0,1,0
2651,4.311,231.965,1,0,0
2652,17.313,57.760,0,1,0
2653,5.663,176.585,1,0,0
2654,24.448,40.903,0,1,0
2655,4.478,223.314,1,0,0
2656,4.237,236.016,1,0,0
2657,23.481,42.588,0,1,0
2658,4.295,232.829,1,0,0
2659,5.084,196.696,1,0,0
2660,22.847,43.769,0,1,0
2661,3.420,292.398,1,0,0
2662,3.361,297.530,1,0,0
2663,21.931,45.598,0,1,0
2664,2.564,390.016,1,0,0
2665,1.423,702.741,1,0,0
2666,1.690,591.716,1,0,0
2667,30.073,33.252,0,1,0
2668,1.971,507.357,1,0,0
2669,4.564,219.106,1,0,0
2670,4.432,225.632,1,0,0
2671,4.524,221.043,1,0,0
2672,25.046,39.927,0,1,0
2673,24.411,40.965,0,1,0
2674,23.831,41.962,0,1,0
2675,25.225,39.643,0,1,0
2676,14.482,69.051,0,1,0
2677,14.801,67.563,0,1,0
2678,15.098,66.234,0,1,0
2679,14.082,71.013,0,1,0
2680,13.468,74.250,0,1,0
2681,16.314,61.297,0,1,0
2682,17.395,57.488,0,1,0
2683,18.338,54.532,0,1,0
2684,18.189,54.978,0,1,0
2685,19.772,50.577,0,1,0
2686,14.552,68.719,0,1,0
2687,11.309,88.425,0,1,0
2688,12.735,78.524,0,1,0
2689,13.809,72.417,0,1,0
2690,13.257,75.432,0,1,0
2691,4.163,240.211,1,0,0
2692,4.916,203.417,1,0,0
2693,4.420,226.244,1,0,0
2694,21.809,45.853,0,1,0
2695,3.970,251.889,1,0,0
2696,24.483,40.845,0,1,0
2697,19.999,50.003,0,1,0
2698,4.962,201.532,1,0,0
2699,26.945,37.113,0,1,0
2700,3.741,267.308,1,0,0
2701,4.681,213.630,1,0,0
2702,4.753,210.393,1,0,0
2703,20.573,48.607,0,1,0
2704,20.822,48.026,0,1,0
2705,21.620,46.253,0,1,0
2706,20.425,48.960,0,1,0
2707,17.482,57.202,0,1,0
2708,16.211,61.687,0,1,0
2709,16.483,60.669,0,1,0
2710,16.276,61.440,0,1,0
2711,14.926,66.997,0,1,0
2712,14.754,67.778,0,1,0
2713,3.142,318.269,1,0,0
2714,2.655,376.648,1,0,0
2715,2.616,382.263,1,0,0
2716,10.716,93.318,0,1,0
2717,3.200,312.500,1,0,0
2718,3.008,332.447,1,0,0
2719,2.529,395.413,1,0,0
2720,11.574,86.401,0,1,0
2721,2.912,343.407,1,0,0
2722,2.957,338.181,1,0,0
2723,13.293,75.228,0,1,0
2724,2.306,433.651,1,0,0
2725,14.212,70.363,0,1,0
2726,2.139,467.508,1,0,0
2727,13.957,71.649,0,1,0
2728,2.637,379.219,1,0,0
2729,2.244,445.633,1,0,0
2730,11.991,83.396,0,1,0
2731,5.275,189.573,1,0,0
2732,4.499,222.272,1,0,0
2733,2.837,352.485,1,0,0
2734,9.946,100.543,0,1,0
2735,3.922,254.972,1,0,0
2736,15.936,62.751,0,1,0
2737,4.512,221.631,1,0,0
2738,4.710,212.314,1,0,0
2739,3.431,291.460,1,0,0
2740,2.801,357.015,1,0,0
2741,2.610,383.142,1,0,0
2742,14.752,67.787,0,1,0
2743,3.645,274.348,1,0,0
2744,3.348,298.686,1,0,0
2745,3.225,310.078,1,0,0
2746,4.144,241.313,1,0,0
2747,10.990,90.992,0,1,0
2748,3.649,274.048,1,0,0
2749,3.385,295.421,1,0,0
2750,13.801,72.459,0,1,0
2751,12.877,77.658,0,1,0
2752,13.419,74.521,0,1,0
2753,16.519,60.536,0,1,0
2754,16.167,61.854,0,1,0
2755,1.813,551.572,1,0,0
2756,2.838,352.361,1,0,0
2757,14.690,68.074,0,1,0
2758,3.007,332.557,1,0,0
2759,15.464,64.666,0,1,0
2760,3.037,329.272,1,0,0
2761,15.631,63.975,0,1,0
2762,3.040,328.947,1,0,0
2763,2.321,430.849,1,0,0
2764,2.985,335.008,1,0,0
2765,16.564,60.372,0,1,0
2766,2.575,388.350,1,0,0
2767,3.443,290.444,1,0,0
2768,4.004,249.750,1,0,0
2769,2.632,379.939,1,0,0
2770,13.804,72.443,0,1,0
2771,2.309,433.088,1,0,0
2772,12.535,79.777,0,1,0
2773,11.900,84.034,0,1,0
2774,12.906,77.483,0,1,0
2775,11.313,88.394,0,1,0
2776,3.117,320.821,1,0,0
2777,13.337,74.979,0,1,0
2778,12.131,82.433,0,1,0
2779,14.262,70.116,0,1,0
2780,12.876,77.664,0,1,0
2781,14.500,68.966,0,1,0
2782,14.672,68.157,0,1,0
2783,2.186,457.457,1,0,0
2784,2.054,486.855,1,0,0
2785,2.274,439.754,1,0,0
2786,12.547,79.700,0,1,0
2787,2.504,399.361,1,0,0
2788,1.850,540.541,1,0,0
2789,2.433,411.015,1,0,0
2790,2.132,469.043,1,0,0
2791,10.796,92.627,0,1,0
2792,11.505,86.919,0,1,0
2793,12.980,77.042,0,1,0
2794,12.310,81.235,0,1,0
2795,14.987,66.724,0,1,0
2796,5.404,185.048,1,0,0
2797,3.382,295.683,1,0,0
2798,2.250,444.444,1,0,0
2799,12.232,81.753,0,1,0
2800,2.004,499.002,1,0,0
2801,2.027,493.340,1,0,0
2802,2.094,477.555,1,0,0
2803,10.063,99.374,0,1,0
2804,1.789,558.971,1,0,0
2805,4.771,209.600,1,0,0
2806,4.339,230.468,1,0,0
2807,15.405,64.914,0,1,0
2808,1.867,535.619,1,0,0
2809,18.316,54.597,0,1,0
2810,5.097,196.194,1,0,0
2811,19.121,52.299,0,1,0
2812,3.518,284.252,1,0,0
2813,3.441,290.613,1,0,0
2814,16.810,59.488,0,1,0
2815,4.361,229.305,1,0,0
2816,5.450,183.486,1,0,0
2817,4.626,216.169,1,0,0
2818,3.645,274.348,1,0,0
2819,15.943,62.723,0,1,0
2820,2.918,342.700,1,0,0
2821,2.721,367.512,1,0,0
2822,3.261,306.654,1,0,0
2823,16.060,62.267,0,1,0
2824,4.752,210.438,1,0,0
2825,5.176,193.199,1,0,0
2826,14.570,68.634,0,1,0
2827,14.751,67.792,0,1,0
2828,15.574,64.210,0,1,0
2829,15.918,62.822,0,1,0
2830,15.926,62.790,0,1,0
2831,15.127,66.107,0,1,0
2832,17.954,55.698,0,1,0
2833,18.741,53.359,0,1,0
2834,20.461,48.873,0,1,0
2835,20.120,49.702,0,1,0
2836,18.988,52.665,0,1,0
2837,2.372,421.585,1,0,0
2838,20.682,48.351,0,1,0
2839,3.767,265.463,1,0,0
2840,2.952,338.753,1,0,0
2841,22.000,45.455,0,1,0
2842,3.672,272.331,1,0,0
2843,3.144,318.066,1,0,0
2844,4.617,216.591,1,0,0
2845,2.863,349.284,1,0,0
2846,2.502,399.680,1,0,0
2847,20.121,49.699,0,1,0
2848,20.416,48.981,0,1,0
2849,3.215,311.042,1,0,0
2850,2.181,458.505,1,0,0
2851,17.183,58.197,0,1,0
2852,1.989,502.765,1,0,0
2853,2.432,411.184,1,0,0
2854,2.062,484.966,1,0,0
2855,2.524,396.197,1,0,0
2856,18.418,54.295,0,1,0
2857,2.460,406.504,1,0,0
2858,2.295,435.730,1,0,0
2859,15.761,63.448,0,1,0
2860,16.074,62.212,0,1,0
2861,15.579,64.189,0,1,0
2862,17.073,58.572,0,1,0
2863,14.924,67.006,0,1,0
2864,13.374,74.772,0,1,0
2865,4.165,240.096,1,0,0
2866,12.583,79.472,0,1,0
2867,5.792,172.652,1,0,0
2868,13.738,72.791,0,1,0
2869,3.764,265.675,1,0,0
2870,2.665,375.235,1,0,0
2871,3.360,297.619,1,0,0
2872,8.336,119.962,0,1,0
2873,2.970,336.700,1,0,0
2874,2.923,342.114,1,0,0
2875,3.390,294.985,1,0,0
2876,3.209,311.624,1,0,0
2877,7.460,134.048,0,1,0
2878,3.214,311.139,1,0,0
2879,10.657,93.835,0,1,0
2880,2.460,406.504,1,0,0
2881,2.403,416.146,1,0,0
2882,13.456,74.316,0,1,0
2883,3.100,322.581,1,0,0
2884,3.370,296.736,1,0,0
2885,11.461,87.252,0,1,0
2886,4.981,200.763,1,0,0
2887,15.838,63.139,0,1,0
2888,13.905,71.917,0,1,0
2889,4.226,236.630,1,0,0
2890,4.258,234.852,1,0,0
2891,14.464,69.137,0,1,0
2892,13.765,72.648,0,1,0
2893,12.246,81.659,0,1,0
2894,13.175,75.901,0,1,0
2895,14.503,68.951,0,1,0
2896,15.910,62.854,0,1,0
2897,3.532,283.126,1,0,0
2898,17.930,55.772,0,1,0
2899,4.642,215.424,1,0,0
2900,5.392,185.460,1,0,0
2901,4.276,233.863,1,0,0
2902,18.355,54.481,0,1,0
2903,3.266,306.185,1,0,0
2904,17.113,58.435,0,1,0
2905,3.660,273.224,1,0,0
2906,14.402,69.435,0,1,0
2907,4.106,243.546,1,0,0
2908,13.945,71.710,0,1,0
2909,5.634,177.494,1,0,0
2910,3.412,293.083,1,0,0
2911,11.742,85.164,0,1,0
2912,6.174,161.970,1,0,0
2913,5.373,186.116,1,0,0
2914,12.545,79.713,0,1,0
2915,4.530,220.751,1,0,0
2916,5.481,182.448,1,0,0
2917,14.622,68.390,0,1,0
2918,4.531,220.702,1,0,0
2919,4.348,229.991,1,0,0
2920,2.805,356.506,1,0,0
2921,11.290,88.574,0,1,0
2922,2.916,342.936,1,0,0
2923,1.918,521.376,1,0,0
2924,1.959,510.465,1,0,0
2925,12.417,80.535,0,1,0
2926,2.388,418.760,1,0,0
2927,13.334,74.996,0,1,0
2928,1.803,554.631,1,0,0
2929,2.415,414.079,1,0,0
2930,14.961,66.840,0,1,0
2931,2.687,372.162,1,0,0
2932,14.306,69.901,0,1,0
2933,3.554,281.373,1,0,0
2934,3.858,259.202,1,0,0
2935,12.475,80.160,0,1,0
2936,3.464,288.684,1,0,0
2937,2.782,359.454,1,0,0
2938,3.026,330.469,1,0,0
2939,10.944,91.374,0,1,0
2940,2.810,355.872,1,0,0
2941,2.082,480.307,1,0,0
2942,4.384,228.102,1,0,0
2943,14.480,69.061,0,1,0
2944,3.975,251.572,1,0,0
2945,2.468,405.186,1,0,0
2946,2.573,388.651,1,0,0
2947,3.209,311.624,1,0,0
2948,14.198,70.432,0,1,0
2949,13.953,71.669,0,1,0
2950,4.665,214.362,1,0,0
2951,14.573,68.620,0,1,0
2952,4.149,241.022,1,0,0
2953,11.857,84.338,0,1,0
2954,12.577,79.510,0,1,0
2955,3.037,329.272,1,0,0
2956,2.071,482.859,1,0,0
2957,13.275,75.330,0,1,0
2958,2.746,364.166,1,0,0
2959,2.770,361.011,1,0,0
2960,4.490,222.717,1,0,0
2961,4.715,212.089,1,0,0
2962,14.227,70.289,0,1,0
2963,4.665,214.362,1,0,0
2964,4.285,233.372,1,0,0
2965,12.177,82.122,0,1,0
2966,3.834,260.824,1,0,0
2967,2.864,349.162,1,0,0
2968,16.774,59.616,0,1,0
2969,1.877,532.765,1,0,0
2970,17.583,56.873,0,1,0
2971,2.360,423.729,1,0,0
2972,16.719,59.812,0,1,0
2973,2.216,451.264,1,0,0
2974,18.102,55.243,0,1,0
2975,18.816,53.146,0,1,0
2976,12.979,77.048,0,1,0
2977,14.637,68.320,0,1,0
2978,13.690,73.046,0,1,0
2979,15.751,63.488,0,1,0
2980,16.353,61.151,0,1,0
2981,20.457,48.883,0,1,0
2982,24.357,41.056,0,1,0
2983,7.987,125.203,1,0,0
2984,3.782,264.410,1,0,0
2985,6.106,163.773,1,0,0
2986,7.450,134.228,1,0,0
2987,5.054,197.863,1,0,0
2988,2.316,431.779,1,0,0
2989,18.478,54.118,0,1,0
2990,2.582,387.297,1,0,0
2991,2.338,427.716,1,0,0
2992,18.559,53.882,0,1,0
2993,18.696,53.487,0,1,0
2994,3.612,276.855,1,0,0
2995,4.138,241.663,1,0,0
2996,22.176,45.094,0,1,0
2997,19.795,50.518,0,1,0
2998,15.604,64.086,0,1,0
2999,16.559,60.390,0,1,0
3000,4.618,216.544,1,0,0
3001,15.209,65.751,0,1,0
3002,15.691,63.731,0,1,0
3003,13.872,72.088,0,1,0
3004,14.984,66.738,0,1,0
3005,2.681,372.995,1,0,0
3006,2.067,483.793,1,0,0
3007,1.795,557.103,1,0,0
3008,5.088,196.541,1,0,0
3009,18.663,53.582,0,1,0
3010,3.819,261.849,1,0,0
3011,3.845,260.078,1,0,0
3012,18.617,53.714,0,1,0
3013,4.210,237.530,1,0,0
3014,16.937,59.042,0,1,0
3015,3.767,265.463,1,0,0
3016,3.769,265.322,1,0,0
3017,2.401,416.493,1,0,0
3018,2.046,488.759,1,0,0
3019,13.070,76.511,0,1,0
3020,6.029,165.865,1,0,0
3021,4.807,208.030,1,0,0
3022,3.532,283.126,1,0,0
3023,3.614,276.702,1,0,0
3024,19.383,51.592,0,1,0
3025,3.723,268.601,1,0,0
3026,2.603,384.172,1,0,0
3027,2.753,363.240,1,0,0
3028,15.256,65.548,0,1,0
3029,3.307,302.389,1,0,0
3030,2.390,418.410,1,0,0
3031,15.474,64.625,0,1,0
3032,18.414,54.307,0,1,0
3033,19.601,51.018,0,1,0
3034,17.305,57.787,0,1,0
3035,18.212,54.909,0,1,0
3036,17.587,56.860,0,1,0
3037,4.741,210.926,1,0,0
3038,19.684,50.803,0,1,0
3039,2.133,468.823,1,0,0
3040,15.869,63.016,0,1,0
3041,16.254,61.523,0,1,0
3042,16.624,60.154,0,1,0
3043,18.583,53.813,0,1,0
3044,5.531,180.799,1,0,0
3045,26.986,37.056,0,1,0
3046,22.699,44.055,0,1,0
3047,4.104,243.665,1,0,0
3048,3.279,304.971,1,0,0
3049,2.291,436.491,1,0,0
3050,18.215,54.900,0,1,0
3051,2.269,440.723,1,0,0
3052,2.285,437.637,1,0,0
3053,18.398,54.354,0,1,0
3054,2.486,402.253,1,0,0
3055,2.009,497.760,1,0,0
3056,1.860,537.634,1,0,0
3057,4.367,228.990,1,0,0
3058,4.234,236.183,1,0,0
3059,3.727,268.312,1,0,0
3060,4.679,213.721,1,0,0
3061,14.518,68.880,0,1,0
3062,14.453,69.190,0,1,0
3063,3.787,264.061,1,0,0
3064,4.168,239.923,1,0,0
3065,3.171,315.358,1,0,0
3066,2.476,403.877,1,0,0
3067,18.711,53.444,0,1,0
3068,2.060,485.437,1,0,0
3069,7.491,133.494,1,0,0
3070,22.113,45.222,0,1,0
3071,4.956,201.776,1,0,0
3072,22.931,43.609,0,1,0
3073,5.258,190.186,1,0,0
3074,5.223,191.461,1,0,0
3075,23.913,41.818,0,1,0
3076,2.645,378.072,1,0,0
3077,18.351,54.493,0,1,0
3078,1.833,545.554,1,0,0
3079,1.561,640.615,1,0,0
3080,2.206,453.309,1,0,0
3081,18.220,54.885,0,1,0
3082,5.006,199.760,1,0,0
3083,23.517,42.522,0,1,0
3084,4.234,236.183,1,0,0
3085,3.326,300.661,1,0,0
3086,3.901,256.345,1,0,0
3087,21.815,45.840,0,1,0
3088,3.164,316.056,1,0,0
3089,3.096,322.997,1,0,0
3090,18.343,54.517,0,1,0
3091,17.033,58.710,0,1,0
3092,18.134,55.145,0,1,0
3093,13.267,75.375,0,1,0
3094,15.980,62.578,0,1,0
3095,14.922,67.015,0,1,0
3096,4.155,240.674,1,0,0
3097,5.160,193.798,1,0,0
3098,3.048,328.084,1,0,0
3099,11.126,89.880,0,1,0
3100,2.333,428.633,1,0,0
3101,12.301,81.294,0,1,0
3102,18.065,55.356,0,1,0
3103,3.167,315.756,1,0,0
3104,2.825,353.982,1,0,0
3105,20.494,48.795,0,1,0
3106,5.774,173.190,1,0,0
3107,5.250,190.476,1,0,0
3108,21.545,46.414,0,1,0
3109,3.719,268.889,1,0,0
3110,16.904,59.158,0,1,0
3111,17.766,56.287,0,1,0
3112,19.009,52.607,0,1,0
3113,15.923,62.802,0,1,0
3114,19.963,50.093,0,1,0
3115,18.952,52.765,0,1,0
3116,20.821,48.028,0,1,0
3117,21.139,47.306,0,1,0
3118,20.844,47.975,0,1,0
3119,18.806,53.175,0,1,0
3120,19.081,52.408,0,1,0
3121,18.468,54.148,0,1,0
3122,18.512,54.019,0,1,0
3123,16.240,61.576,0,1,0
3124,13.796,72.485,0,1,0
3125,13.788,72.527,0,1,0
3126,14.535,68.799,0,1,0
3127,14.744,67.824,0,1,0
3128,15.499,64.520,0,1,0
3129,16.241,61.573,0,1,0
3130,2.311,432.713,1,0,0
3131,3.985,250.941,1,0,0
3132,3.596,278.087,1,0,0
3133,3.483,287.109,1,0,0
3134,3.567,280.348,1,0,0
3135,10.442,95.767,0,1,0
3136,9.332,107.158,0,1,0
3137,8.627,115.915,0,1,0
3138,8.608,116.171,0,1,0
3139,3.768,265.393,1,0,0
3140,4.653,214.915,1,0,0
3141,4.356,229.568,0,1,0
3142,4.713,212.179,1,0,0
3143,4.645,215.285,0,1,0
3144,3.948,253.293,1,0,0
3145,3.982,251.130,0,1,0
3146,4.548,219.877,0,1,0
3147,4.613,216.779,0,1,0
3148,4.442,225.124,0,1,0
3149,4.826,207.211,0,1,0
3150,4.199,238.152,0,1,0
3151,3.380,295.858,0,1,0
3152,7.118,140.489,1,0,0
3153,3.534,282.965,1,0,0
3154,2.464,405.844,1,0,0
3155,4.492,222.618,0,1,0
3156,2.563,390.168,1,0,0
3157,6.618,151.103,0,1,0
3158,5.759,173.641,0,1,0
3159,5.942,168.294,0,1,0
3160,5.262,190.042,0,1,0
3161,6.093,164.123,0,1,0
3162,4.457,224.366,0,1,0
3163,5.029,198.847,0,1,0
3164,6.256,159.847,1,0,0
3165,2.693,371.333,1,0,0
3166,6.043,165.481,0,1,0
3167,2.757,362.713,1,0,0
3168,2.709,369.140,1,0,0
3169,6.591,151.722,0,1,0
3170,2.564,390.016,1,0,0
3171,2.977,335.909,1,0,0
3172,2.932,341.064,1,0,0
3173,3.967,252.080,0,1,0
3174,3.385,295.421,1,0,0
3175,2.834,352.858,1,0,0
3176,4.037,247.709,1,0,0
3177,7.113,140.588,0,1,0
3178,4.462,224.115,1,0,0
3179,4.349,229.938,1,0,0
3180,6.421,155.739,0,1,0
3181,6.882,145.307,0,1,0
3182,4.850,206.186,1,0,0
3183,5.639,177.336,0,1,0
3184,3.761,265.887,1,0,0
3185,5.583,179.115,0,1,0
3186,3.674,272.183,1,0,0
3187,7.358,135.906,0,1,0
3188,4.067,245.881,1,0,0
3189,7.799,128.222,0,1,0
3190,3.929,254.518,1,0,0
3191,4.295,232.829,1,0,0
3192,3.490,286.533,0,1,0
3193,3.478,287.522,1,0,0
3194,3.549,281.770,0,1,0
3195,3.783,264.340,1,0,0
3196,5.766,173.430,0,1,0
3197,4.062,246.184,1,0,0
3198,6.876,145.433,0,1,0
3199,3.237,308.928,1,0,0
3200,3.171,315.358,0,1,0
3201,81.294,12.301,1,0,0
3202,78.177,12.791,1,0,0
3203,78.838,12.684,0,1,0
3204,75.746,13.202,1,0,0
3205,71.958,13.897,0,1,0
3206,4.812,207.814,1,0,0
3207,3.994,250.376,0,1,0
3208,7.847,127.437,0,1,0
3209,10.658,93.826,0,1,0
3210,11.613,86.110,0,1,0
3211,10.879,91.920,0,1,0
3212,4.520,221.239,1,0,0
3213,12.423,80.496,0,1,0
3214,13.541,73.850,0,1,0
3215,14.636,68.325,0,1,0
3216,15.398,64.943,0,1,0
3217,15.478,64.608,0,1,0
3218,17.660,56.625,0,1,0
3219,19.381,51.597,0,1,0
3220,18.192,54.969,0,1,0
3221,18.789,53.223,0,1,0
3222,5.251,190.440,1,0,0
3223,3.371,296.648,1,0,0
3224,4.382,228.206,1,0,0
3225,4.712,212.224,1,0,0
3226,4.500,222.222,1,0,0
3227,18.359,54.469,0,1,0
3228,4.326,231.160,1,0,0
3229,2.348,425.894,1,0,0
3230,15.048,66.454,0,1,0
3231,15.027,66.547,0,1,0
3232,2.040,490.196,1,0,0
3233,2.482,402.901,1,0,0
3234,2.397,417.188,1,0,0
3235,1.702,587.544,1,0,0
3236,1.372,728.863,1,0,0
3237,12.497,80.019,0,1,0
3238,2.448,408.497,1,0,0
3239,2.365,422.833,1,0,0
3240,2.271,440.335,1,0,0
3241,3.026,330.469,1,0,0
3242,13.513,74.003,0,1,0
3243,14.301,69.925,0,1,0
3244,13.153,76.028,0,1,0
3245,15.384,65.003,0,1,0
3246,16.039,62.348,0,1,0
3247,12.087,82.734,0,1,0
3248,14.398,69.454,0,1,0
3249,14.926,66.997,0,1,0
3250,4.650,215.054,1,0,0
3251,15.862,63.044,0,1,0
3252,2.880,347.222,1,0,0
3253,2.896,345.304,1,0,0
3254,2.563,390.168,1,0,0
3255,15.983,62.566,0,1,0
3256,5.846,171.057,1,0,0
3257,6.014,166.279,1,0,0
3258,15.302,65.351,0,1,0
3259,16.212,61.683,0,1,0
3260,4.094,244.260,1,0,0
3261,4.256,234.962,1,0,0
3262,3.133,319.183,1,0,0
3263,3.215,311.042,1,0,0
3264,10.425,95.923,0,1,0
3265,12.460,80.257,0,1,0
3266,14.999,66.671,0,1,0
3267,2.626,380.807,1,0,0
3268,3.044,328.515,1,0,0
3269,16.843,59.372,0,1,0
3270,17.141,58.340,0,1,0
3271,17.060,58.617,0,1,0
3272,19.759,50.610,0,1,0
3273,18.707,53.456,0,1,0
3274,19.555,51.138,0,1,0
3275,19.927,50.183,0,1,0
3276,3.347,298.775,1,0,0
3277,2.004,499.002,1,0,0
3278,2.394,417.711,1,0,0
3279,18.921,52.851,0,1,0
3280,1.568,637.755,1,0,0
3281,19.586,51.057,0,1,0
3282,3.749,266.738,1,0,0
3283,3.954,252.908,1,0,0
3284,3.884,257.467,1,0,0
3285,19.927,50.183,0,1,0
3286,3.292,303.767,1,0,0
3287,14.706,67.999,0,1,0
3288,3.052,327.654,1,0,0
3289,3.640,274.725,1,0,0
3290,14.612,68.437,0,1,0
3291,2.983,335.233,1,0,0
3292,16.893,59.196,0,1,0
3293,2.253,443.853,1,0,0
3294,13.996,71.449,0,1,0
3295,14.893,67.146,0,1,0
3296,14.525,68.847,0,1,0
3297,18.859,53.025,0,1,0
3298,18.080,55.310,0,1,0
3299,2.964,337.382,1,0,0
3300,2.370,421.941,1,0,0
3301,4.672,214.041,1,0,0
3302,23.977,41.707,0,1,0
3303,3.895,256.739,1,0,0
3304,4.265,234.467,1,0,0
3305,19.676,50.823,0,1,0
3306,17.257,57.947,0,1,0
3307,16.524,60.518,0,1,0
3308,15.366,65.079,0,1,0
3309,2.472,404.531,1,0,0
3310,4.759,210.128,1,0,0
3311,4.740,210.970,1,0,0
3312,22.461,44.522,0,1,0
3313,23.082,43.324,0,1,0
3314,4.048,247.036,1,0,0
3315,4.104,243.665,1,0,0
3316,23.230,43.048,0,1,0
3317,3.846,260.010,1,0,0
3318,4.245,235.571,1,0,0
3319,3.029,330.142,1,0,0
3320,3.260,306.748,1,0,0
3321,22.322,44.799,0,1,0
3322,4.457,224.366,1,0,0
3323,3.598,277.932,1,0,0
3324,4.012,249.252,1,0,0
3325,3.324,300.842,1,0,0
3326,15.923,62.802,0,1,0
3327,15.925,62.794,0,1,0
3328,3.798,263.296,1,0,0
3329,3.716,269.107,1,0,0
3330,16.575,60.332,0,1,0
3331,3.636,275.028,1,0,0
3332,4.134,241.896,1,0,0
3333,23.100,43.290,0,1,0
3334,4.350,229.885,1,0,0
3335,22.863,43.739,0,1,0
3336,3.621,276.167,1,0,0
3337,3.331,300.210,1,0,0
3338,3.232,309.406,1,0,0
3339,3.002,333.111,1,0,0
3340,3.628,275.634,1,0,0
3341,3.167,315.756,1,0,0
3342,4.781,209.161,1,0,0
3343,20.431,48.945,0,1,0
3344,4.173,239.636,1,0,0
3345,4.131,242.072,1,0,0
3346,2.121,471.476,1,0,0
3347,17.940,55.741,0,1,0
3348,1.697,589.275,1,0,0
3349,19.371,51.624,0,1,0
3350,2.527,395.726,1,0,0
3351,1.928,518.672,1,0,0
3352,21.145,47.293,0,1,0
3353,2.487,402.091,1,0,0
3354,4.217,237.135,1,0,0
3355,23.210,43.085,0,1,0
3356,4.474,223.514,1,0,0
3357,4.378,228.415,1,0,0
3358,5.726,174.642,1,0,0
3359,5.029,198.847,1,0,0
3360,19.686,50.798,0,1,0
3361,2.890,346.021,1,0,0
3362,21.008,47.601,0,1,0
3363,2.242,446.030,1,0,0
3364,2.187,457.247,1,0,0
3365,1.795,557.103,1,0,0
3366,1.178,848.896,1,0,0
3367,18.601,53.761,0,1,0
3368,1.642,609.013,1,0,0
3369,1.623,616.143,1,0,0
3370,2.118,472.144,1,0,0
3371,4.976,200.965,1,0,0
3372,26.225,38.132,0,1,0
3373,3.677,271.961,1,0,0
3374,2.524,396.197,1,0,0
3375,1.993,501.756,1,0,0
3376,23.754,42.098,0,1,0
3377,2.314,432.152,1,0,0
3378,24.097,41.499,0,1,0
3379,23.100,43.290,0,1,0
3380,2.159,463.177,1,0,0
3381,2.286,437.445,1,0,0
3382,2.162,462.535,1,0,0
3383,3.029,330.142,1,0,0
3384,3.399,294.204,1,0,0
3385,3.118,320.718,1,0,0
3386,18.405,54.333,0,1,0
3387,3.047,328.192,1,0,0
3388,3.730,268.097,1,0,0
3389,18.568,53.856,0,1,0
3390,3.836,260.688,1,0,0
3391,16.628,60.140,0,1,0
3392,3.551,281.611,1,0,0
3393,2.564,390.016,1,0,0
3394,15.808,63.259,0,1,0
3395,16.630,60.132,0,1,0
3396,18.524,53.984,0,1,0
3397,17.274,57.890,0,1,0
3398,18.899,52.913,0,1,0
3399,20.562,48.633,0,1,0
3400,19.470,51.361,0,1,0
3401,19.837,50.411,0,1,0
3402,18.400,54.348,0,1,0
3403,2.690,371.747,1,0,0
3404,4.479,223.264,1,0,0
3405,3.212,311.333,1,0,0
3406,22.343,44.757,0,1,0
3407,2.444,409.165,1,0,0
3408,1.855,539.084,1,0,0
3409,2.629,380.373,1,0,0
3410,18.883,52.958,0,1,0
3411,17.066,58.596,0,1,0
3412,2.987,334.784,1,0,0
3413,18.039,55.435,0,1,0
3414,15.606,64.078,0,1,0
3415,16.570,60.350,0,1,0
3416,5.593,178.795,1,0,0
3417,20.631,48.471,0,1,0
3418,5.116,195.465,1,0,0
3419,4.222,236.855,1,0,0
3420,19.613,50.987,0,1,0
3421,4.827,207.168,1,0,0
3422,3.141,318.370,1,0,0
3423,18.349,54.499,0,1,0
3424,2.427,412.031,1,0,0
3425,4.258,234.852,1,0,0
3426,19.196,52.094,0,1,0
3427,3.440,290.698,1,0,0
3428,3.172,315.259,1,0,0
3429,2.700,370.370,1,0,0
3430,3.014,331.785,1,0,0
3431,2.555,391.389,1,0,0
3432,2.453,407.664,1,0,0
3433,20.192,49.525,0,1,0
3434,18.459,54.174,0,1,0
3435,23.180,43.141,0,1,0
3436,6.291,158.957,1,0,0
3437,4.549,219.829,1,0,0
3438,22.805,43.850,0,1,0
3439,4.291,233.046,1,0,0
3440,4.655,214.823,1,0,0
3441,4.629,216.029,1,0,0
3442,13.707,72.955,0,1,0
3443,4.841,206.569,1,0,0
3444,4.957,201.735,1,0,0
3445,15.197,65.802,0,1,0
3446,4.408,226.860,1,0,0
3447,13.596,73.551,0,1,0
3448,6.967,143.534,1,0,0
3449,15.490,64.558,0,1,0
3450,4.199,238.152,1,0,0
3451,3.869,258.465,1,0,0
3452,4.190,238.663,1,0,0
3453,3.022,330.907,1,0,0
3454,3.699,270.343,1,0,0
3455,3.423,292.141,1,0,0
3456,9.144,109.361,0,1,0
3457,9.663,103.488,0,1,0
3458,9.366,106.769,0,1,0
3459,2.912,343.407,1,0,0
3460,2.909,343.761,1,0,0
3461,8.288,120.656,0,1,0
3462,16.167,61.854,0,1,0
3463,6.422,155.715,1,0,0
3464,4.321,231.428,1,0,0
3465,5.147,194.288,1,0,0
3466,16.133,61.985,0,1,0
3467,3.834,260.824,1,0,0
3468,11.735,85.215,0,1,0
3469,3.098,322.789,1,0,0
3470,2.170,460.829,1,0,0
3471,2.220,450.450,1,0,0
3472,14.582,68.578,0,1,0
3473,2.805,356.506,1,0,0
3474,17.519,57.081,0,1,0
3475,6.246,160.102,1,0,0
3476,16.144,61.943,0,1,0
3477,4.361,229.305,1,0,0
3478,18.617,53.714,0,1,0
3479,4.602,217.297,1,0,0
3480,17.486,57.189,0,1,0
3481,5.315,188.147,1,0,0
3482,3.368,296.912,1,0,0
3483,17.271,57.901,0,1,0
3484,5.009,199.641,1,0,0
3485,19.876,50.312,0,1,0
3486,4.449,224.770,1,0,0
3487,15.112,66.173,0,1,0
3488,15.252,65.565,0,1,0
3489,17.167,58.251,0,1,0
3490,15.120,66.138,0,1,0
3491,14.513,68.904,0,1,0
3492,13.022,76.793,0,1,0
3493,15.538,64.358,0,1,0
3494,16.443,60.816,0,1,0
3495,17.441,57.336,0,1,0
3496,18.460,54.171,0,1,0
3497,17.646,56.670,0,1,0
3498,16.387,61.024,0,1,0
3499,14.557,68.695,0,1,0
3500,12.749,78.438,0,1,0
3501,1.864,536.481,1,0,0
3502,13.861,72.145,0,1,0
3503,1.957,510.986,1,0,0
3504,14.062,71.114,0,1,0
3505,14.249,70.180,0,1,0
3506,15.026,66.551,0,1,0
3507,14.457,69.171,0,1,0
3508,20.536,48.695,0,1,0
3509,20.993,47.635,0,1,0
3510,5.262,190.042,1,0,0
3511,19.749,50.635,0,1,0
3512,19.182,52.132,0,1,0
3513,4.854,206.016,1,0,0
3514,4.451,224.669,1,0,0
3515,3.033,329.707,1,0,0
3516,2.525,396.040,1,0,0
3517,3.868,258.532,1,0,0
3518,14.185,70.497,0,1,0
3519,2.528,395.570,1,0,0
3520,15.069,66.361,0,1,0
3521,2.644,378.215,1,0,0
3522,2.751,363.504,1,0,0
3523,2.196,455.373,1,0,0
3524,14.530,68.823,0,1,0
3525,3.025,330.579,1,0,0
3526,3.521,284.010,1,0,0
3527,13.431,74.455,0,1,0
3528,15.716,63.629,0,1,0
3529,14.995,66.689,0,1,0
3530,17.392,57.498,0,1,0
3531,18.522,53.990,0,1,0
3532,20.902,47.842,0,1,0
3533,21.855,45.756,0,1,0
3534,21.426,46.672,0,1,0
3535,22.296,44.851,0,1,0
3536,23.063,43.359,0,1,0
3537,5.477,182.582,1,0,0
3538,5.421,184.468,1,0,0
3539,23.817,41.987,0,1,0
3540,18.487,54.092,0,1,0
3541,18.967,52.723,0,1,0
3542,19.173,52.157,0,1,0
3543,18.294,54.663,0,1,0
3544,16.862,59.305,0,1,0
3545,18.602,53.758,0,1,0
3546,17.552,56.974,0,1,0
3547,2.265,441.501,1,0,0
3548,2.621,381.534,1,0,0
3549,19.431,51.464,0,1,0
3550,1.742,574.053,1,0,0
3551,2.346,426.257,1,0,0
3552,2.580,387.597,1,0,0
3553,3.419,292.483,1,0,0
3554,2.927,341.647,1,0,0
3555,2.993,334.113,1,0,0
3556,4.903,203.957,1,0,0
3557,23.723,42.153,0,1,0
3558,2.762,362.056,1,0,0
3559,2.895,345.423,1,0,0
3560,2.847,351.247,1,0,0
3561,18.733,53.382,0,1,0
3562,3.188,313.676,1,0,0
3563,4.211,237.473,1,0,0
3564,21.217,47.132,0,1,0
3565,21.993,45.469,0,1,0
3566,21.777,45.920,0,1,0
3567,3.149,317.561,1,0,0
3568,3.586,278.862,1,0,0
3569,2.687,372.162,1,0,0
3570,14.486,69.032,0,1,0
3571,4.128,242.248,1,0,0
3572,3.055,327.332,1,0,0
3573,12.919,77.405,0,1,0
3574,2.861,349.528,1,0,0
3575,3.083,324.359,1,0,0
3576,18.701,53.473,0,1,0
3577,18.004,55.543,0,1,0
3578,1.731,577.701,1,0,0
3579,2.142,466.853,1,0,0
3580,2.172,460.405,1,0,0
3581,2.197,455.166,1,0,0
3582,16.658,60.031,0,1,0
3583,2.828,353.607,1,0,0
3584,2.160,462.963,1,0,0
3585,2.629,380.373,1,0,0
3586,2.925,341.880,1,0,0
3587,13.473,74.223,0,1,0
3588,2.987,334.784,1,0,0
3589,14.610,68.446,0,1,0
3590,4.207,237.699,1,0,0
3591,3.141,318.370,1,0,0
3592,3.037,329.272,1,0,0
3593,15.629,63.984,0,1,0
3594,3.134,319.081,1,0,0
3595,4.896,204.248,1,0,0
3596,2.584,386.997,1,0,0
3597,16.057,62.278,0,1,0
3598,2.340,427.350,1,0,0
3599,15.986,62.555,0,1,0
3600,21.322,46.900,0,1,0
3601,3.735,267.738,1,0,0
3602,6.720,148.810,1,0,0
3603,24.520,40.783,0,1,0
3604,3.639,274.801,1,0,0
3605,22.960,43.554,0,1,0
3606,3.127,319.795,1,0,0
3607,22.788,43.883,0,1,0
3608,3.607,277.239,1,0,0
3609,20.031,49.923,0,1,0
3610,22.122,45.204,0,1,0
3611,24.045,41.589,0,1,0
3612,22.804,43.852,0,1,0
3613,21.653,46.183,0,1,0
3614,21.092,47.411,0,1,0
3615,19.896,50.261,0,1,0
3616,17.133,58.367,0,1,0
3617,22.341,44.761,0,1,0
3618,22.135,45.177,0,1,0
3619,20.996,47.628,0,1,0
3620,21.189,47.194,0,1,0
3621,21.192,47.188,0,1,0
3622,20.414,48.986,0,1,0
3623,3.941,253.743,1,0,0
3624,1.447,691.085,1,0,0
3625,1.828,547.046,1,0,0
3626,25.098,39.844,0,1,0
3627,3.034,329.598,1,0,0
3628,2.368,422.297,1,0,0
3629,2.300,434.783,1,0,0
3630,1.632,612.745,1,0,0
3631,1.797,556.483,1,0,0
3632,5.705,175.285,1,0,0
3633,6.789,147.297,1,0,0
3634,19.761,50.605,0,1,0
3635,2.817,354.988,1,0,0
3636,19.378,51.605,0,1,0
3637,2.210,452.489,1,0,0
3638,4.701,212.721,1,0,0
3639,24.773,40.367,0,1,0
3640,19.457,51.395,0,1,0
3641,18.276,54.717,0,1,0
3642,17.616,56.767,0,1,0
3643,17.422,57.399,0,1,0
3644,4.790,208.768,1,0,0
3645,5.053,197.902,1,0,0
3646,13.104,76.313,0,1,0
3647,2.336,428.082,1,0,0
3648,10.210,97.943,0,1,0
3649,10.102,98.990,0,1,0
3650,11.072,90.318,0,1,0
3651,10.139,98.629,0,1,0
3652,2.451,407.997,1,0,0
3653,8.358,119.646,0,1,0
3654,9.398,106.406,0,1,0
3655,9.006,111.037,0,1,0
3656,9.650,103.627,0,1,0
3657,10.907,91.684,0,1,0
3658,1.883,531.067,1,0,0
3659,11.864,84.289,0,1,0
3660,2.297,435.350,1,0,0
3661,5.920,168.919,1,0,0
3662,15.156,65.980,0,1,0
3663,4.158,240.500,1,0,0
3664,2.427,412.031,1,0,0
3665,10.849,92.174,0,1,0
3666,2.045,488.998,1,0,0
3667,1.988,503.018,1,0,0
3668,10.841,92.242,0,1,0
3669,2.322,430.663,1,0,0
3670,11.821,84.595,0,1,0
3671,2.863,349.284,1,0,0
3672,3.852,259.605,1,0,0
3673,9.929,100.715,0,1,0
3674,2.423,412.712,1,0,0
3675,4.579,218.388,1,0,0
3676,7.811,128.025,0,1,0
3677,2.583,387.147,1,0,0
3678,3.045,328.407,1,0,0
3679,9.461,105.697,0,1,0
3680,10.324,96.862,0,1,0
3681,4.763,209.952,1,0,0
3682,4.417,226.398,1,0,0
3683,3.778,264.690,1,0,0
3684,5.046,198.177,1,0,0
3685,9.499,105.274,0,1,0
3686,5.339,187.301,1,0,0
3687,4.806,208.073,1,0,0
3688,12.742,78.481,0,1,0
3689,14.046,71.195,0,1,0
3690,13.484,74.162,0,1,0
3691,15.408,64.901,0,1,0
3692,12.460,80.257,0,1,0
3693,12.035,83.091,0,1,0
3694,13.554,73.779,0,1,0
3695,13.073,76.494,0,1,0
3696,12.151,82.298,0,1,0
3697,12.130,82.440,0,1,0
3698,15.778,63.379,0,1,0
3699,19.605,51.007,0,1,0
3700,6.490,154.083,1,0,0
3701,18.125,55.172,0,1,0
3702,4.757,210.217,1,0,0
3703,4.511,221.680,1,0,0
3704,2.301,434.594,1,0,0
3705,2.062,484.966,1,0,0
3706,2.452,407.830,1,0,0
3707,3.630,275.482,1,0,0
3708,4.110,243.309,1,0,0
3709,12.860,77.760,0,1,0
3710,12.306,81.261,0,1,0
3711,13.678,73.110,0,1,0
3712,14.287,69.994,0,1,0
3713,14.371,69.585,0,1,0
3714,13.961,71.628,0,1,0
3715,15.851,63.088,0,1,0
3716,15.278,65.454,0,1,0
3717,14.141,70.716,0,1,0
3718,14.946,66.908,0,1,0
3719,4.378,228.415,1,0,0
3720,2.277,439.174,1,0,0
3721,2.277,439.174,1,0,0
3722,20.022,49.945,0,1,0
3723,2.034,491.642,1,0,0
3724,2.052,487.329,1,0,0
3725,19.631,50.940,0,1,0
3726,20.441,48.921,0,1,0
3727,24.274,41.196,0,1,0
3728,4.176,239.464,1,0,0
3729,3.532,283.126,1,0,0
3730,4.921,203.211,1,0,0
3731,4.421,226.193,1,0,0
3732,3.514,284.576,1,0,0
3733,3.847,259.943,1,0,0
3734,16.358,61.132,0,1,0
3735,21.777,45.920,0,1,0
3736,4.463,224.065,1,0,0
3737,4.187,238.834,1,0,0
3738,3.756,266.241,1,0,0
3739,5.506,181.620,1,0,0
3740,19.853,50.370,0,1,0
3741,5.090,196.464,1,0,0
3742,19.593,51.039,0,1,0
3743,1.974,506.586,1,0,0
3744,15.335,65.210,0,1,0
3745,2.396,417.362,1,0,0
3746,2.100,476.190,1,0,0
3747,1.887,529.942,1,0,0
3748,17.398,57.478,0,1,0
3749,2.486,402.253,1,0,0
3750,2.326,429.923,1,0,0
3751,20.133,49.670,0,1,0
3752,2.685,372.439,1,0,0
3753,2.211,452.284,1,0,0
3754,22.827,43.808,0,1,0
3755,5.293,188.929,1,0,0
3756,4.763,209.952,1,0,0
3757,4.699,212.811,1,0,0
3758,19.807,50.487,0,1,0
3759,2.443,409.333,1,0,0
3760,16.725,59.791,0,1,0
3761,1.984,504.032,1,0,0
3762,1.874,533.618,1,0,0
3763,2.536,394.322,1,0,0
3764,19.373,51.618,0,1,0
3765,19.229,52.005,0,1,0
3766,14.824,67.458,0,1,0
3767,13.043,76.669,0,1,0
3768,12.625,79.208,0,1,0
3769,14.172,70.562,0,1,0
3770,14.171,70.567,0,1,0
3771,13.911,71.886,0,1,0
3772,13.696,73.014,0,1,0
3773,16.953,58.987,0,1,0
3774,16.663,60.013,0,1,0
3775,23.066,43.354,0,1,0
3776,4.748,210.615,1,0,0
3777,23.840,41.946,0,1,0
3778,5.213,191.828,1,0,0
3779,24.321,41.117,0,1,0
3780,2.247,445.038,1,0,0
3781,1.886,530.223,1,0,0
3782,1.945,514.139,1,0,0
3783,18.709,53.450,0,1,0
3784,17.408,57.445,0,1,0
3785,5.656,176.803,1,0,0
3786,17.169,58.245,0,1,0
3787,3.916,255.363,1,0,0
3788,15.996,62.516,0,1,0
3789,4.070,245.700,1,0,0
3790,12.828,77.954,0,1,0
3791,13.941,71.731,0,1,0
3792,15.259,65.535,0,1,0
3793,13.322,75.064,0,1,0
3794,11.353,88.082,0,1,0
3795,11.372,87.935,0,1,0
3796,8.285,120.700,1,0,0
3797,7.429,134.608,1,0,0
3798,22.079,45.292,0,1,0
3799,8.540,117.096,1,0,0
3800,7.847,127.437,1,0,0
3801,20.557,48.645,0,1,0
3802,18.784,53.237,1,0,0
3803,267.823,3.734,1,0,0
3804,282.110,3.545,0,1,0
3805,6.338,157.778,0,1,0
3806,7.857,127.275,0,1,0
3807,5.257,190.223,0,1,0
3808,258.907,3.862,1,0,0
3809,265.693,3.764,0,1,0
3810,262.671,3.807,1,0,0
3811,16.759,59.669,1,0,0
3812,11.593,86.259,1,0,0
3813,5.186,192.827,1,0,0
3814,4.402,227.169,1,0,0
3815,3.414,292.912,1,0,0
3816,7.572,132.066,0,1,0
3817,4.222,236.855,1,0,0
3818,6.243,160.179,0,1,0
3819,2.604,384.025,1,0,0
3820,8.654,115.554,0,1,0
3821,9.368,106.746,0,1,0
3822,9.097,109.926,0,1,0
3823,11.055,90.457,0,1,0
3824,5.326,187.758,1,0,0
3825,5.297,188.786,1,0,0
3826,4.383,228.154,1,0,0
3827,5.068,197.316,1,0,0
3828,16.360,61.125,0,1,0
3829,4.435,225.479,1,0,0
3830,16.558,60.394,0,1,0
3831,14.098,70.932,0,1,0
3832,16.015,62.441,0,1,0
3833,17.025,58.737,0,1,0
3834,13.826,72.327,0,1,0
3835,13.911,71.886,0,1,0
3836,12.722,78.604,0,1,0
3837,13.684,73.078,0,1,0
3838,2.976,336.022,1,0,0
3839,3.348,298.686,1,0,0
3840,2.994,334.001,1,0,0
3841,10.927,91.516,0,1,0
3842,3.009,332.336,1,0,0
3843,2.590,386.100,1,0,0
3844,2.483,402.739,1,0,0
3845,1.736,576.037,1,0,0
3846,9.548,104.734,0,1,0
3847,2.272,440.141,1,0,0
3848,11.562,86.490,0,1,0
3849,11.402,87.704,0,1,0
3850,12.360,80.906,0,1,0
3851,5.071,197.200,1,0,0
3852,2.665,375.235,1,0,0
3853,2.263,441.891,1,0,0
3854,8.753,114.247,0,1,0
3855,2.514,397.772,1,0,0
3856,15.743,63.520,0,1,0
3857,2.727,366.703,1,0,0
3858,13.807,72.427,0,1,0
3859,2.941,340.020,1,0,0
3860,2.681,372.995,1,0,0
3861,14.251,70.171,0,1,0
3862,2.227,449.035,1,0,0
3863,12.316,81.195,0,1,0
3864,14.614,68.428,0,1,0
3865,13.799,72.469,0,1,0
3866,13.799,72.469,0,1,0
3867,13.574,73.670,0,1,0
3868,13.866,72.119,0,1,0
3869,2.940,340.136,1,0,0
3870,2.293,436.110,1,0,0
3871,3.189,313.578,1,0,0
3872,18.082,55.304,0,1,0
3873,2.992,334.225,1,0,0
3874,1.976,506.073,1,0,0
3875,17.114,58.432,0,1,0
3876,4.160,240.385,1,0,0
3877,21.755,45.966,0,1,0
3878,3.601,277.701,1,0,0
3879,3.993,250.438,1,0,0
3880,1.927,518.941,1,0,0
3881,19.802,50.500,0,1,0
3882,22.110,45.228,0,1,0
3883,2.172,460.405,1,0,0
3884,22.052,45.347,0,1,0
3885,1.756,569.476,1,0,0
3886,2.254,443.656,1,0,0
3887,5.701,175.408,1,0,0
3888,21.095,47.405,0,1,0
3889,22.467,44.510,0,1,0
3890,23.165,43.169,0,1,0
3891,2.880,347.222,1,0,0
3892,21.049,47.508,0,1,0
3893,18.350,54.496,0,1,0
3894,14.602,68.484,0,1,0
3895,14.912,67.060,0,1,0
3896,15.038,66.498,0,1,0
3897,14.827,67.445,0,1,0
3898,19.424,51.483,0,1,0
3899,19.479,51.337,0,1,0
3900,5.287,189.143,1,0,0
3901,16.793,59.549,0,1,0
3902,4.313,231.857,1,0,0
3903,23.102,43.286,0,1,0
3904,4.072,245.580,1,0,0
3905,4.793,208.638,1,0,0
3906,25.869,38.656,0,1,0
3907,2.730,366.300,1,0,0
3908,2.067,483.793,1,0,0
3909,21.844,45.779,0,1,0
3910,1.879,532.198,1,0,0
3911,1.859,537.924,1,0,0
3912,2.245,445.434,1,0,0
3913,3.167,315.756,1,0,0
3914,2.248,444.840,1,0,0
3915,2.207,453.104,1,0,0
3916,19.828,50.434,0,1,0
3917,3.093,323.311,1,0,0
3918,2.758,362.582,1,0,0
3919,19.408,51.525,0,1,0
3920,2.705,369.686,1,0,0
3921,2.268,440.917,1,0,0
3922,5.161,193.761,1,0,0
3923,2.477,403.714,1,0,0
3924,18.022,55.488,0,1,0
3925,18.081,55.307,0,1,0
3926,2.731,366.166,1,0,0
3927,2.845,351.494,1,0,0
3928,16.981,58.889,0,1,0
3929,2.825,353.982,1,0,0
3930,15.650,63.898,0,1,0
3931,2.606,383.730,1,0,0
3932,2.160,462.963,1,0,0
3933,2.423,412.712,1,0,0
3934,14.960,66.845,0,1,0
3935,4.283,233.481,1,0,0
3936,3.841,260.349,1,0,0
3937,16.598,60.248,0,1,0
3938,15.649,63.902,0,1,0
3939,16.889,59.210,0,1,0
3940,3.005,332.779,1,0,0
3941,3.059,326.904,1,0,0
3942,3.441,290.613,1,0,0
3943,3.716,269.107,1,0,0
3944,2.576,388.199,1,0,0
3945,2.212,452.080,1,0,0
3946,16.357,61.136,0,1,0
3947,18.903,52.902,0,1,0
3948,19.671,50.836,0,1,0
3949,19.311,51.784,0,1,0
3950,3.194,313.087,1,0,0
3951,3.359,297.708,1,0,0
3952,3.434,291.206,1,0,0
3953,2.702,370.096,1,0,0
3954,5.089,196.502,1,0,0
3955,18.011,55.522,0,1,0
3956,4.689,213.265,1,0,0
3957,9.467,105.630,1,0,0
3958,18.869,52.997,0,1,0
3959,9.639,103.745,1,0,0
3960,19.894,50.266,0,1,0
3961,5.047,198.138,1,0,0
3962,3.311,302.024,1,0,0
3963,2.340,427.350,1,0,0
3964,2.553,391.696,1,0,0
3965,2.340,427.350,1,0,0
3966,2.753,363.240,1,0,0
3967,20.795,48.088,0,1,0
3968,8.548,116.986,1,0,0
3969,8.697,114.982,1,0,0
3970,4.201,238.039,1,0,0
3971,4.756,210.261,1,0,0
3972,6.072,164.690,0,1,0
3973,3.857,259.269,1,0,0
3974,3.455,289.436,0,1,0
3975,2.624,381.098,1,0,0
3976,4.317,231.642,0,1,0
3977,4.336,230.627,0,1,0
3978,7.602,131.544,1,0,0
3979,4.059,246.366,0,1,0
3980,4.121,242.660,0,1,0
3981,4.129,242.189,0,1,0
3982,5.396,185.322,0,1,0
3983,3.023,330.797,0,1,0
3984,4.832,206.954,0,1,0
3985,6.103,163.854,0,1,0
3986,5.527,180.930,0,1,0
3987,11.730,85.251,0,1,0
3988,13.553,73.784,0,1,0
3989,13.091,76.388,0,1,0
3990,12.256,81.593,0,1,0
3991,12.666,78.952,0,1,0
3992,12.542,79.732,0,1,0
3993,15.543,64.338,0,1,0
3994,15.524,64.416,0,1,0
3995,16.764,59.652,0,1,0
3996,16.897,59.182,0,1,0
3997,14.822,67.467,0,1,0
3998,12.922,77.387,0,1,0
3999,12.923,77.381,0,1,0
4000,13.400,74.627,0,1,0
4001,12.923,77.381,0,1,0
4002,14.931,66.975,0,1,0
4003,19.732,50.679,0,1,0
4004,19.106,52.340,0,1,0
4005,19.570,51.099,0,1,0
4006,4.493,222.568,1,0,0
4007,3.631,275.406,1,0,0
4008,23.099,43.292,0,1,0
4009,4.680,213.675,1,0,0
4010,16.074,62.212,0,1,0
4011,14.945,66.912,0,1,0
4012,3.374,296.384,1,0,0
4013,2.951,338.868,1,0,0
4014,2.943,339.789,1,0,0
4015,5.205,192.123,1,0,0
4016,17.304,57.790,0,1,0
4017,3.673,272.257,1,0,0
4018,2.755,362.976,1,0,0
4019,15.668,63.824,0,1,0
4020,8.219,121.669,1,0,0
4021,20.185,49.542,0,1,0
4022,9.258,108.015,1,0,0
4023,3.970,251.889,1,0,0
4024,4.273,234.028,1,0,0
4025,18.349,54.499,0,1,0
4026,2.438,410.172,1,0,0
4027,16.684,59.938,0,1,0
4028,2.807,356.252,1,0,0
4029,2.675,373.832,1,0,0
4030,2.905,344.234,1,0,0
4031,16.850,59.347,0,1,0
4032,3.042,328.731,1,0,0
4033,15.544,64.334,0,1,0
4034,13.836,72.275,0,1,0
4035,12.244,81.673,0,1,0
4036,13.077,76.470,0,1,0
4037,3.289,304.044,1,0,0
4038,2.878,347.464,1,0,0
4039,12.498,80.013,0,1,0
4040,14.630,68.353,0,1,0
4041,11.804,84.717,0,1,0
4042,3.424,292.056,1,0,0
4043,14.148,70.681,0,1,0
4044,3.337,299.670,1,0,0
4045,2.007,498.256,1,0,0
4046,17.583,56.873,0,1,0
4047,2.982,335.345,1,0,0
4048,3.121,320.410,1,0,0
4049,2.885,346.620,1,0,0
4050,14.870,67.249,0,1,0
4051,3.106,321.958,1,0,0
4052,1.999,500.250,1,0,0
4053,3.435,291.121,1,0,0
4054,12.944,77.256,0,1,0
4055,12.035,83.091,0,1,0
4056,11.874,84.218,0,1,0
4057,10.664,93.773,0,1,0
4058,11.908,83.977,0,1,0
4059,5.315,188.147,1,0,0
4060,10.682,93.615,0,1,0
4061,3.400,294.118,1,0,0
4062,4.400,227.273,1,0,0
4063,6.352,157.431,0,1,0
4064,4.562,219.202,1,0,0
4065,2.910,343.643,1,0,0
4066,10.568,94.625,0,1,0
4067,10.095,99.059,0,1,0
4068,10.291,97.172,0,1,0
4069,11.284,88.621,0,1,0
4070,3.755,266.312,1,0,0
4071,2.420,413.223,1,0,0
4072,3.926,254.712,1,0,0
4073,17.690,56.529,0,1,0
4074,5.889,169.808,1,0,0
4075,7.861,127.210,1,0,0
4076,2.334,428.449,1,0,0
4077,2.974,336.247,1,0,0
4078,3.778,264.690,1,0,0
4079,3.673,272.257,1,0,0
4080,14.559,68.686,0,1,0
4081,16.211,61.687,0,1,0
4082,18.984,52.676,0,1,0
4083,16.874,59.263,0,1,0
4084,18.707,53.456,0,1,0
4085,4.586,218.055,1,0,0
4086,3.874,258.131,1,0,0
4087,18.032,55.457,0,1,0
4088,3.277,305.157,1,0,0
4089,3.389,295.072,1,0,0
4090,16.323,61.263,0,1,0
4091,2.081,480.538,1,0,0
4092,16.233,61.603,0,1,0
4093,2.330,429.185,1,0,0
4094,3.667,272.702,1,0,0
4095,3.419,292.483,1,0,0
4096,3.194,313.087,1,0,0
4097,1.946,513.875,1,0,0
4098,3.157,316.756,1,0,0
4099,13.438,74.416,0,1,0
4100,4.863,205.634,1,0,0
4101,14.715,67.958,0,1,0
4102,3.406,293.600,1,0,0
4103,4.546,219.974,1,0,0
4104,12.619,79.246,0,1,0
4105,5.402,185.117,1,0,0
4106,3.385,295.421,1,0,0
4107,17.592,56.844,0,1,0
4108,4.047,247.097,1,0,0
4109,12.877,77.658,0,1,0
4110,3.021,331.016,1,0,0
4111,13.333,75.002,0,1,0
4112,3.192,313.283,1,0,0
4113,2.987,334.784,1,0,0
4114,1.778,562.430,1,0,0
4115,4.398,227.376,1,0,0
4116,14.370,69.589,0,1,0
4117,4.399,227.324,1,0,0
4118,15.034,66.516,0,1,0
4119,14.061,71.119,0,1,0
4120,13.637,73.330,0,1,0
4121,16.167,61.854,0,1,0
4122,17.243,57.995,0,1,0
4123,15.681,63.771,0,1,0
4124,16.400,60.976,0,1,0
4125,17.200,58.140,0,1,0
4126,15.453,64.712,0,1,0
4127,15.058,66.410,0,1,0
4128,18.065,55.356,0,1,0
4129,17.608,56.792,0,1,0
4130,16.667,59.999,0,1,0
4131,19.382,51.594,0,1,0
4132,22.265,44.914,0,1,0
4133,23.114,43.264,0,1,0
4134,23.756,42.095,0,1,0
4135,24.378,41.021,0,1,0
4136,22.284,44.875,0,1,0
4137,21.741,45.996,0,1,0
4138,21.213,47.141,0,1,0
4139,22.517,44.411,0,1,0
4140,23.428,42.684,0,1,0
4141,20.820,48.031,0,1,0
4142,17.973,55.639,0,1,0
4143,18.315,54.600,0,1,0
4144,16.503,60.595,0,1,0
4145,19.979,50.053,0,1,0
4146,20.818,48.035,0,1,0
4147,18.942,52.793,0,1,0
4148,15.937,62.747,0,1,0
4149,19.306,51.797,0,1,0
4150,16.790,59.559,0,1,0
4151,16.156,61.897,0,1,0
4152,14.364,69.618,0,1,0
4153,17.877,55.938,0,1,0
4154,15.950,62.696,0,1,0
4155,16.783,59.584,0,1,0
4156,15.287,65.415,0,1,0
4157,17.401,57.468,0,1,0
4158,18.227,54.864,0,1,0
4159,18.150,55.096,0,1,0
4160,18.613,53.726,0,1,0
4161,16.140,61.958,0,1,0
4162,19.396,51.557,0,1,0
4163,3.502,285.551,1,0,0
4164,3.537,282.725,1,0,0
4165,25.744,38.844,0,1,0
4166,3.818,261.917,1,0,0
4167,25.458,39.280,0,1,0
4168,2.805,356.506,1,0,0
4169,3.230,309.598,1,0,0
4170,3.872,258.264,1,0,0
4171,4.854,206.016,1,0,0
4172,3.989,250.689,1,0,0
4173,21.461,46.596,0,1,0
4174,24.253,41.232,0,1,0
4175,2.905,344.234,1,0,0
4176,3.441,290.613,1,0,0
4177,4.046,247.158,1,0,0
4178,4.272,234.082,1,0,0
4179,4.430,225.734,1,0,0
4180,18.623,53.697,0,1,0
4181,3.709,269.614,1,0,0
4182,17.542,57.006,0,1,0
4183,4.532,220.653,1,0,0
4184,4.461,224.165,1,0,0
4185,2.855,350.263,1,0,0
4186,20.228,49.436,0,1,0
4187,2.591,385.951,1,0,0
4188,3.464,288.684,1,0,0
4189,16.453,60.779,0,1,0
4190,1.892,528.541,1,0,0
4191,9.627,103.875,1,0,0
4192,18.385,54.392,0,1,0
4193,5.086,196.618,1,0,0
4194,12.904,77.495,0,1,0
4195,13.886,72.015,0,1,0
4196,15.752,63.484,0,1,0
4197,17.042,58.679,0,1,0
4198,20.353,49.133,0,1,0
4199,18.826,53.118,0,1,0
4200,18.600,53.763,0,1,0
4201,19.395,51.560,0,1,0
4202,2.493,401.123,1,0,0
4203,3.185,313.972,1,0,0
4204,5.503,181.719,1,0,0
4205,17.296,57.817,0,1,0
4206,3.316,301.568,1,0,0
4207,3.257,307.031,1,0,0
4208,3.457,289.268,1,0,0
4209,4.188,238.777,1,0,0
4210,15.366,65.079,0,1,0
4211,4.408,226.860,1,0,0
4212,4.594,217.675,1,0,0
4213,15.729,63.577,0,1,0
4214,4.569,218.866,1,0,0
4215,20.393,49.036,0,1,0
4216,4.352,229.779,1,0,0
4217,16.985,58.875,0,1,0
4218,17.258,57.944,0,1,0
4219,5.120,195.312,1,0,0
4220,4.219,237.023,1,0,0
4221,18.761,53.302,0,1,0
4222,5.596,178.699,1,0,0
4223,5.248,190.549,1,0,0
4224,21.063,47.477,0,1,0
4225,2.016,496.032,1,0,0
4226,16.135,61.977,0,1,0
4227,2.533,394.789,1,0,0
4228,18.723,53.410,0,1,0
4229,2.670,374.532,1,0,0
4230,16.512,60.562,0,1,0
4231,17.653,56.648,0,1,0
4232,16.127,62.008,0,1,0
4233,14.861,67.290,0,1,0
4234,15.992,62.531,0,1,0
4235,14.101,70.917,0,1,0
4236,14.896,67.132,0,1,0
4237,11.799,84.753,0,1,0
4238,12.871,77.694,0,1,0
4239,15.327,65.244,0,1,0
4240,14.829,67.435,0,1,0
4241,16.924,59.088,0,1,0
4242,16.659,60.028,0,1,0
4243,16.242,61.569,0,1,0
4244,16.737,59.748,0,1,0
4245,16.784,59.581,0,1,0
4246,16.841,59.379,0,1,0
4247,17.883,55.919,0,1,0
4248,16.896,59.186,0,1,0
4249,14.635,68.329,0,1,0
4250,17.549,56.983,0,1,0
4251,14.595,68.517,0,1,0
4252,12.997,76.941,0,1,0
4253,16.302,61.342,0,1,0
4254,17.147,58.319,0,1,0
4255,5.348,186.986,1,0,0
4256,19.780,50.556,0,1,0
4257,3.347,298.775,1,0,0
4258,21.754,45.969,0,1,0
4259,4.318,231.589,1,0,0
4260,5.005,199.800,1,0,0
4261,4.620,216.450,1,0,0
4262,16.896,59.186,0,1,0
4263,4.732,211.327,1,0,0
4264,3.912,255.624,1,0,0
4265,3.892,256.937,1,0,0
4266,6.501,153.822,1,0,0
4267,14.967,66.814,0,1,0
4268,7.749,129.049,1,0,0
4269,9.608,104.080,0,1,0
4270,6.491,154.059,1,0,0
4271,13.144,76.080,0,1,0
4272,8.351,119.746,1,0,0
4273,7.845,127.470,1,0,0
4274,2.687,372.162,1,0,0
4275,7.131,140.233,0,1,0
4276,2.167,461.467,1,0,0
4277,7.847,127.437,0,1,0
4278,10.478,95.438,0,1,0
4279,5.762,173.551,1,0,0
4280,18.113,55.209,0,1,0
4281,5.819,171.851,1,0,0
4282,4.897,204.207,1,0,0
4283,19.330,51.733,0,1,0
4284,3.787,264.061,1,0,0
4285,3.368,296.912,1,0,0
4286,3.984,251.004,1,0,0
4287,22.032,45.389,0,1,0
4288,3.983,251.067,1,0,0
4289,20.703,48.302,0,1,0
4290,19.316,51.771,0,1,0
4291,3.203,312.207,1,0,0
4292,4.231,236.351,1,0,0
4293,3.247,307.977,1,0,0
4294,3.183,314.169,1,0,0
4295,4.417,226.398,1,0,0
4296,5.613,178.158,1,0,0
4297,11.501,86.949,0,1,0
4298,3.039,329.056,1,0,0
4299,3.477,287.604,1,0,0
4300,11.652,85.822,0,1,0
4301,11.095,90.131,0,1,0
4302,12.846,77.845,0,1,0
4303,10.863,92.056,0,1,0
4304,13.121,76.214,0,1,0
4305,13.783,72.553,0,1,0
4306,13.680,73.099,0,1,0
4307,13.499,74.080,0,1,0
4308,13.767,72.637,0,1,0
4309,8.557,116.863,1,0,0
4310,9.273,107.840,0,1,0
4311,6.827,146.477,1,0,0
4312,6.349,157.505,1,0,0
4313,4.688,213.311,1,0,0
4314,3.634,275.179,1,0,0
4315,2.760,362.319,1,0,0
4316,8.789,113.779,0,1,0
4317,11.406,87.673,0,1,0
4318,11.510,86.881,0,1,0
4319,12.010,83.264,0,1,0
4320,10.364,96.488,0,1,0
4321,18.462,54.165,0,1,0
4322,20.469,48.854,0,1,0
4323,19.121,52.299,0,1,0
4324,20.804,48.068,0,1,0
4325,23.045,43.393,0,1,0
4326,18.279,54.708,0,1,0
4327,16.941,59.028,0,1,0
4328,17.103,58.469,0,1,0
4329,3.193,313.185,1,0,0
4330,3.157,316.756,1,0,0
4331,14.349,69.691,0,1,0
4332,2.137,467.946,1,0,0
4333,2.034,491.642,1,0,0
4334,2.353,424.989,1,0,0
4335,10.943,91.383,0,1,0
4336,2.334,428.449,1,0,0
4337,10.565,94.652,0,1,0
4338,2.304,434.028,1,0,0
4339,3.479,287.439,1,0,0
4340,3.238,308.833,1,0,0
4341,2.533,394.789,1,0,0
4342,12.359,80.913,0,1,0
4343,19.610,50.994,0,1,0
4344,4.551,219.732,1,0,0
4345,5.056,197.785,1,0,0
4346,4.165,240.096,1,0,0
4347,20.274,49.324,0,1,0
4348,2.930,341.297,1,0,0
4349,3.450,289.855,1,0,0
4350,22.314,44.815,0,1,0
4351,3.182,314.268,1,0,0
4352,6.414,155.909,1,0,0
4353,20.551,48.659,0,1,0
4354,15.869,63.016,0,1,0
4355,15.016,66.596,0,1,0
4356,17.105,58.462,0,1,0
4357,18.381,54.404,0,1,0
4358,19.055,52.480,0,1,0
4359,19.694,50.777,0,1,0
4360,3.430,291.545,1,0,0
4361,3.474,287.853,1,0,0
4362,2.763,361.925,1,0,0
4363,18.171,55.033,0,1,0
4364,3.590,278.552,1,0,0
4365,2.860,349.650,1,0,0
4366,3.060,326.797,1,0,0
4367,2.988,334.672,1,0,0
4368,2.957,338.181,1,0,0
4369,22.390,44.663,0,1,0
4370,24.720,40.453,0,1,0
4371,3.756,266.241,1,0,0
4372,2.996,333.778,1,0,0
4373,3.393,294.724,1,0,0
4374,4.103,243.724,1,0,0
4375,20.038,49.905,0,1,0
4376,3.008,332.447,1,0,0
4377,4.632,215.889,1,0,0
4378,20.882,47.888,0,1,0
4379,3.905,256.082,1,0,0
4380,3.698,270.416,1,0,0
4381,18.089,55.282,0,1,0
4382,16.897,59.182,0,1,0
4383,18.141,55.124,0,1,0
4384,17.117,58.421,0,1,0
4385,4.831,206.996,1,0,0
4386,3.795,263.505,1,0,0
4387,3.488,286.697,1,0,0
4388,3.134,319.081,1,0,0
4389,17.785,56.227,0,1,0
4390,3.233,309.310,1,0,0
4391,18.995,52.645,0,1,0
4392,3.074,325.309,1,0,0
4393,14.356,69.657,0,1,0
4394,14.969,66.805,0,1,0
4395,15.646,63.914,0,1,0
4396,17.100,58.480,0,1,0
4397,17.950,55.710,0,1,0
4398,19.344,51.696,0,1,0
4399,18.815,53.149,0,1,0
4400,5.096,196.232,1,0,0
4401,3.954,252.908,1,0,0
4402,6.861,145.751,1,0,0
4403,2.873,348.068,1,0,0
4404,18.706,53.459,0,1,0
4405,3.256,307.125,1,0,0
4406,5.078,196.928,1,0,0
4407,4.550,219.780,1,0,0
4408,18.515,54.010,0,1,0
4409,4.342,230.309,1,0,0
4410,2.844,351.617,1,0,0
4411,16.241,61.573,0,1,0
4412,17.474,57.228,0,1,0
4413,18.930,52.826,0,1,0
4414,14.966,66.818,0,1,0
4415,12.005,83.299,0,1,0
4416,16.686,59.930,0,1,0
4417,3.448,290.023,1,0,0
4418,2.765,361.664,1,0,0
4419,20.869,47.918,0,1,0
4420,4.617,216.591,1,0,0
4421,21.451,46.618,0,1,0
4422,2.254,443.656,1,0,0
4423,2.521,396.668,1,0,0
4424,3.097,322.893,1,0,0
4425,2.263,441.891,1,0,0
4426,5.736,174.338,1,0,0
4427,20.960,47.710,0,1,0
4428,5.089,196.502,1,0,0
4429,3.966,252.143,1,0,0
4430,18.946,52.782,0,1,0
4431,2.593,385.654,1,0,0
4432,13.243,75.512,0,1,0
4433,2.295,435.730,1,0,0
4434,2.431,411.353,1,0,0
4435,12.202,81.954,0,1,0
4436,12.228,81.780,0,1,0
4437,14.945,66.912,0,1,0
4438,16.435,60.846,0,1,0
4439,19.035,52.535,0,1,0
4440,19.312,51.781,0,1,0
4441,22.588,44.271,0,1,0
4442,24.231,41.269,0,1,0
4443,5.213,191.828,1,0,0
4444,21.377,46.779,0,1,0
4445,20.857,47.946,0,1,0
4446,22.586,44.275,0,1,0
4447,17.645,56.673,0,1,0
4448,4.096,244.141,1,0,0
4449,2.489,401.768,1,0,0
4450,3.713,269.324,1,0,0
4451,3.011,332.116,1,0,0
4452,3.716,269.107,1,0,0
4453,16.394,60.998,0,1,0
4454,15.089,66.273,0,1,0
4455,17.358,57.610,0,1,0
4456,15.918,62.822,0,1,0
4457,16.693,59.905,0,1,0
4458,2.219,450.653,1,0,0
4459,17.123,58.401,0,1,0
4460,5.362,186.498,1,0,0
4461,16.645,60.078,0,1,0
4462,16.492,60.635,0,1,0
4463,17.331,57.700,0,1,0
4464,18.187,54.984,0,1,0
4465,15.009,66.627,0,1,0
4466,15.011,66.618,0,1,0
4467,15.416,64.868,0,1,0
4468,15.372,65.053,0,1,0
4469,13.568,73.703,0,1,0
4470,14.164,70.602,0,1,0
4471,14.975,66.778,0,1,0
4472,3.302,302.847,1,0,0
4473,3.769,265.322,1,0,0
4474,3.355,298.063,1,0,0
4475,6.787,147.341,1,0,0
4476,16.976,58.907,0,1,0
4477,6.604,151.423,1,0,0
4478,6.418,155.812,1,0,0
4479,8.289,120.642,1,0,0
4480,18.634,53.665,0,1,0
4481,15.945,62.716,0,1,0
4482,4.071,245.640,1,0,0
4483,2.829,353.482,1,0,0
4484,19.981,50.048,0,1,0
4485,2.726,366.838,1,0,0
4486,3.002,333.111,1,0,0
4487,2.941,340.020,1,0,0
4488,2.611,382.995,1,0,0
4489,2.711,368.868,1,0,0
4490,2.720,367.647,1,0,0
4491,16.630,60.132,0,1,0
4492,2.110,473.934,1,0,0
4493,3.444,290.360,1,0,0
4494,14.965,66.823,0,1,0
4495,3.143,318.167,1,0,0
4496,5.627,177.715,1,0,0
4497,5.436,183.959,1,0,0
4498,4.349,229.938,1,0,0
4499,15.696,63.710,0,1,0
4500,3.684,271.444,1,0,0
4501,10.506,95.184,1,0,0
4502,16.140,61.958,0,1,0
4503,9.445,105.876,1,0,0
4504,3.116,320.924,1,0,0
4505,2.629,380.373,1,0,0
4506,3.092,323.415,1,0,0
4507,12.703,78.722,0,1,0
4508,11.772,84.947,0,1,0
4509,2.484,402.576,1,0,0
4510,19.186,52.121,0,1,0
4511,2.467,405.351,1,0,0
4512,2.731,366.166,1,0,0
4513,20.389,49.046,0,1,0
4514,16.893,59.196,0,1,0
4515,19.524,51.219,0,1,0
4516,9.342,107.043,1,0,0
4517,4.794,208.594,1,0,0
4518,16.785,59.577,0,1,0
4519,17.263,57.927,0,1,0
4520,4.951,201.979,1,0,0
4521,4.800,208.333,1,0,0
4522,15.554,64.292,0,1,0
4523,4.388,227.894,1,0,0
4524,3.069,325.839,1,0,0
4525,2.717,368.053,1,0,0
4526,13.446,74.372,0,1,0
4527,2.803,356.761,1,0,0
4528,3.358,297.796,1,0,0
4529,2.806,356.379,1,0,0
4530,2.404,415.973,1,0,0
4531,12.250,81.633,0,1,0
4532,2.733,365.898,1,0,0
4533,4.517,221.386,1,0,0
4534,11.701,85.463,0,1,0
4535,4.442,225.124,1,0,0
4536,3.500,285.714,1,0,0
4537,10.589,94.438,0,1,0
4538,2.264,441.696,1,0,0
4539,3.164,316.056,1,0,0
4540,12.163,82.217,0,1,0
4541,12.950,77.220,0,1,0
4542,3.358,297.796,1,0,0
4543,2.372,421.585,1,0,0
4544,15.120,66.138,0,1,0
4545,14.928,66.988,0,1,0
4546,15.594,64.127,0,1,0
4547,14.294,69.959,0,1,0
4548,13.895,71.968,0,1,0
4549,15.771,63.408,0,1,0
4550,16.335,61.218,0,1,0
4551,13.365,74.822,0,1,0
4552,16.236,61.592,0,1,0
4553,3.880,257.732,1,0,0
4554,5.865,170.503,1,0,0
4555,16.485,60.661,0,1,0
4556,4.928,202.922,1,0,0
4557,4.624,216.263,1,0,0
4558,16.919,59.105,0,1,0
4559,3.682,271.592,1,0,0
4560,16.326,61.252,0,1,0
4561,17.805,56.164,0,1,0
4562,2.719,367.782,1,0,0
4563,2.289,436.872,1,0,0
4564,2.180,458.716,1,0,0
4565,2.184,457.875,1,0,0
4566,16.787,59.570,0,1,0
4567,20.276,49.319,0,1,0
4568,21.001,47.617,0,1,0
4569,20.616,48.506,0,1,0
4570,22.608,44.232,0,1,0
4571,21.192,47.188,0,1,0
4572,22.130,45.188,0,1,0
4573,22.482,44.480,0,1,0
4574,22.093,45.263,0,1,0
4575,20.472,48.847,0,1,0
4576,17.799,56.183,0,1,0
4577,16.346,61.177,0,1,0
4578,14.736,67.861,0,1,0
4579,17.070,58.582,0,1,0
4580,15.468,64.650,0,1,0
4581,8.500,117.647,1,0,0
4582,6.611,151.263,1,0,0
4583,11.833,84.509,0,1,0
4584,4.496,222.420,1,0,0
4585,11.321,88.331,0,1,0
4586,4.006,249.626,1,0,0
4587,3.274,305.437,1,0,0
4588,4.454,224.517,1,0,0
4589,14.919,67.029,0,1,0
4590,3.213,311.236,1,0,0
4591,4.596,217.581,1,0,0
4592,14.114,70.852,0,1,0
4593,15.571,64.222,0,1,0
4594,17.289,57.840,0,1,0
4595,18.615,53.720,0,1,0
4596,17.646,56.670,0,1,0
4597,16.630,60.132,0,1,0
4598,2.817,354.988,1,0,0
4599,3.668,272.628,1,0,0
4600,17.779,56.246,0,1,0
4601,17.882,55.922,0,1,0
4602,17.211,58.102,0,1,0
4603,18.380,54.407,0,1,0
4604,17.727,56.411,0,1,0
4605,4.997,200.120,1,0,0
4606,19.943,50.143,0,1,0
4607,5.158,193.874,1,0,0
4608,6.214,160.927,1,0,0
4609,18.355,54.481,0,1,0
4610,6.842,146.156,1,0,0
4611,18.543,53.929,0,1,0
4612,5.501,181.785,1,0,0
4613,8.579,116.564,1,0,0
4614,17.023,58.744,0,1,0
4615,3.923,254.907,1,0,0
4616,15.221,65.699,0,1,0
4617,15.308,65.325,0,1,0
4618,14.092,70.962,0,1,0
4619,12.566,79.580,0,1,0
4620,4.356,229.568,1,0,0
4621,11.091,90.163,1,0,0
4622,1.739,575.043,1,0,0
4623,2.707,369.413,1,0,0
4624,8.075,123.839,0,1,0
4625,8.539,117.110,0,1,0
4626,2.733,365.898,1,0,0
4627,3.838,260.552,1,0,0
4628,9.935,100.654,0,1,0
4629,13.374,74.772,0,1,0
4630,15.226,65.677,0,1,0
4631,14.783,67.645,0,1,0
4632,3.680,271.739,1,0,0
4633,3.281,304.785,1,0,0
4634,24.013,41.644,0,1,0
4635,3.901,256.345,1,0,0
4636,3.085,324.149,1,0,0
4637,8.790,113.766,1,0,0
4638,6.057,165.098,1,0,0
4639,22.015,45.424,0,1,0
4640,3.066,326.158,1,0,0
4641,3.811,262.398,1,0,0
4642,2.785,359.066,1,0,0
4643,12.386,80.736,0,1,0
4644,3.250,307.692,1,0,0
4645,2.941,340.020,1,0,0
4646,3.771,265.182,1,0,0
4647,13.636,73.335,0,1,0
4648,2.525,396.040,1,0,0
4649,14.716,67.953,0,1,0
4650,3.564,280.584,1,0,0
4651,3.280,304.878,1,0,0
4652,2.898,345.066,1,0,0
4653,3.153,317.158,1,0,0
4654,11.097,90.114,0,1,0
4655,2.468,405.186,1,0,0
4656,3.465,288.600,1,0,0
4657,10.449,95.703,0,1,0
4658,3.382,295.683,1,0,0
4659,3.311,302.024,1,0,0
4660,5.978,167.280,1,0,0
4661,11.220,89.127,0,1,0
4662,4.275,233.918,1,0,0
4663,4.464,224.014,1,0,0
4664,10.475,95.465,0,1,0
4665,12.214,81.873,0,1,0
4666,4.347,230.044,1,0,0
4667,5.416,184.638,1,0,0
4668,4.021,248.694,1,0,0
4669,15.142,66.041,0,1,0
4670,4.108,243.427,1,0,0
4671,6.152,162.549,1,0,0
4672,17.043,58.675,0,1,0
4673,14.067,71.088,0,1,0
4674,16.066,62.243,0,1,0
4675,4.647,215.193,1,0,0
4676,6.722,148.765,1,0,0
4677,22.279,44.885,0,1,0
4678,4.676,213.858,1,0,0
4679,23.581,42.407,0,1,0
4680,3.951,253.100,1,0,0
4681,4.239,235.905,1,0,0
4682,2.407,415.455,1,0,0
4683,20.121,49.699,0,1,0
4684,18.503,54.045,0,1,0
4685,19.127,52.282,0,1,0
4686,15.122,66.129,0,1,0
4687,15.345,65.168,0,1,0
4688,16.851,59.344,0,1,0
4689,15.405,64.914,0,1,0
4690,2.731,366.166,1,0,0
4691,1.751,571.102,1,0,0
4692,2.055,486.618,1,0,0
4693,14.195,70.447,0,1,0
4694,2.486,402.253,1,0,0
4695,13.729,72.839,0,1,0
4696,4.428,225.836,1,0,0
4697,19.496,51.293,0,1,0
4698,3.961,252.461,1,0,0
4699,14.953,66.876,0,1,0
4700,15.496,64.533,0,1,0
4701,16.233,61.603,0,1,0
4702,5.124,195.160,1,0,0
4703,4.125,242.424,1,0,0
4704,18.829,53.110,0,1,0
4705,3.045,328.407,1,0,0
4706,1.780,561.798,1,0,0
4707,2.132,469.043,1,0,0
4708,16.225,61.633,0,1,0
4709,15.025,66.556,0,1,0
4710,16.514,60.555,0,1,0
4711,15.571,64.222,0,1,0
4712,15.953,62.684,0,1,0
4713,15.292,65.394,0,1,0
4714,16.145,61.939,0,1,0
4715,16.037,62.356,0,1,0
4716,16.842,59.375,0,1,0
4717,14.380,69.541,0,1,0
4718,15.445,64.746,0,1,0
4719,5.000,200.000,1,0,0
4720,18.826,53.118,0,1,0
4721,5.638,177.368,1,0,0
4722,4.412,226.655,1,0,0
4723,4.839,206.654,1,0,0
4724,3.784,264.271,1,0,0
4725,2.508,398.724,1,0,0
4726,3.241,308.547,1,0,0
4727,11.416,87.596,0,1,0
4728,2.217,451.060,1,0,0
4729,10.405,96.108,0,1,0
4730,3.476,287.687,1,0,0
4731,9.653,103.595,0,1,0
4732,2.364,423.012,1,0,0
4733,2.819,354.736,1,0,0
4734,7.269,137.571,0,1,0
4735,8.562,116.795,0,1,0
4736,3.619,276.319,1,0,0
4737,2.992,334.225,1,0,0
4738,2.832,353.107,1,0,0
4739,9.237,108.260,1,0,0
4740,15.490,64.558,0,1,0
4741,3.471,288.101,1,0,0
4742,8.855,112.931,0,1,0
4743,3.058,327.011,1,0,0
4744,2.926,341.763,1,0,0
4745,2.749,363.769,1,0,0
4746,2.842,351.865,1,0,0
4747,3.039,329.056,1,0,0
4748,12.535,79.777,0,1,0
4749,3.328,300.481,1,0,0
4750,11.771,84.955,0,1,0
4751,2.914,343.171,1,0,0
4752,3.750,266.667,1,0,0
4753,14.012,71.367,0,1,0
4754,2.969,336.814,1,0,0
4755,3.203,312.207,1,0,0
4756,4.065,246.002,1,0,0
4757,4.750,210.526,1,0,0
4758,14.344,69.716,0,1,0
4759,5.181,193.013,1,0,0
4760,15.542,64.342,0,1,0
4761,4.424,226.040,1,0,0
4762,3.355,298.063,1,0,0
4763,2.970,336.700,1,0,0
4764,2.716,368.189,1,0,0
4765,2.638,379.075,1,0,0
4766,13.479,74.189,0,1,0
4767,3.248,307.882,1,0,0
4768,2.825,353.982,1,0,0
4769,2.362,423.370,1,0,0
4770,13.448,74.360,0,1,0
4771,3.103,322.269,1,0,0
4772,17.402,57.465,0,1,0
4773,3.687,271.223,1,0,0
4774,3.724,268.528,1,0,0
4775,4.376,228.519,1,0,0
4776,17.792,56.205,0,1,0
4777,3.759,266.028,1,0,0
4778,2.415,414.079,1,0,0
4779,2.985,335.008,1,0,0
4780,4.630,215.983,1,0,0
4781,20.051,49.873,0,1,0
4782,2.871,348.311,1,0,0
4783,5.425,184.332,1,0,0
4784,2.732,366.032,1,0,0
4785,5.832,171.468,1,0,0
4786,4.782,209.118,1,0,0
4787,13.006,76.888,0,1,0
4788,13.053,76.611,0,1,0
4789,2.593,385.654,1,0,0
4790,14.643,68.292,0,1,0
4791,13.454,74.327,0,1,0
4792,14.225,70.299,0,1,0
4793,14.144,70.701,0,1,0
4794,14.036,71.245,0,1,0
4795,15.554,64.292,0,1,0
4796,13.999,71.434,0,1,0
4797,12.731,78.548,0,1,0
4798,12.939,77.286,0,1,0
4799,11.545,86.618,0,1,0
4800,12.131,82.433,0,1,0
4801,12.332,81.090,0,1,0
4802,3.196,312.891,1,0,0
4803,3.034,329.598,1,0,0
4804,12.370,80.841,0,1,0
4805,3.238,308.833,1,0,0
4806,2.936,340.599,1,0,0
4807,9.124,109.601,0,1,0
4808,3.036,329.381,1,0,0
4809,2.713,368.596,1,0,0
4810,10.388,96.265,0,1,0
4811,2.918,342.700,1,0,0
4812,1.732,577.367,1,0,0
4813,2.820,354.610,1,0,0
4814,10.552,94.769,0,1,0
4815,3.260,306.748,1,0,0
4816,12.273,81.480,0,1,0
4817,5.045,198.216,1,0,0
4818,4.914,203.500,1,0,0
4819,13.287,75.262,0,1,0
4820,5.093,196.348,1,0,0
4821,4.277,233.809,1,0,0
4822,4.251,235.239,1,0,0
4823,14.491,69.008,0,1,0
4824,14.065,71.098,0,1,0
4825,3.068,325.945,1,0,0
4826,3.336,299.760,1,0,0
4827,3.678,271.887,1,0,0
4828,13.084,76.429,0,1,0
4829,3.900,256.410,1,0,0
4830,2.101,475.964,1,0,0
4831,9.580,104.384,0,1,0
4832,1.663,601.323,1,0,0
4833,2.163,462.321,1,0,0
4834,10.131,98.707,0,1,0
4835,10.358,96.544,0,1,0
4836,10.860,92.081,0,1,0
4837,10.161,98.416,0,1,0
4838,10.854,92.132,0,1,0
4839,17.366,57.584,0,1,0
4840,17.669,56.596,0,1,0
4841,4.913,203.542,1,0,0
4842,21.569,46.363,0,1,0
4843,5.734,174.398,1,0,0
4844,23.908,41.827,0,1,0
4845,2.752,363.372,1,0,0
4846,2.282,438.212,1,0,0
4847,2.602,384.320,1,0,0
4848,12.674,78.902,0,1,0
4849,7.278,137.400,1,0,0
4850,7.522,132.943,1,0,0
4851,11.416,87.596,0,1,0
4852,7.192,139.043,1,0,0
4853,2.076,481.696,1,0,0
4854,1.681,594.884,1,0,0
4855,5.660,176.678,0,1,0
4856,5.658,176.741,0,1,0
4857,4.820,207.469,1,0,0
4858,5.445,183.655,0,1,0
4859,5.791,172.682,1,0,0
4860,5.213,191.828,0,1,0
4861,5.292,188.964,1,0,0
4862,9.448,105.843,1,0,0
4863,8.453,118.301,0,1,0
4864,9.565,104.548,0,1,0
4865,10.261,97.456,0,1,0
4866,10.788,92.696,0,1,0
4867,15.026,66.551,0,1,0
4868,15.648,63.906,0,1,0
4869,15.993,62.527,0,1,0
4870,16.222,61.645,0,1,0
4871,16.285,61.406,0,1,0
4872,13.699,72.998,0,1,0
4873,13.806,72.432,0,1,0
4874,4.250,235.294,1,0,0
4875,14.858,67.304,0,1,0
4876,3.525,283.688,1,0,0
4877,4.226,236.630,1,0,0
4878,12.980,77.042,0,1,0
4879,3.716,269.107,1,0,0
4880,2.308,433.276,1,0,0
4881,9.003,111.074,0,1,0
4882,2.208,452.899,1,0,0
4883,3.306,302.480,1,0,0
4884,2.952,338.753,1,0,0
4885,19.842,50.398,0,1,0
4886,4.005,249.688,1,0,0
4887,2.735,365.631,1,0,0
4888,1.815,550.964,1,0,0
4889,19.427,51.475,0,1,0
4890,2.328,429.553,1,0,0
4891,2.731,366.166,1,0,0
4892,20.369,49.094,0,1,0
4893,2.813,355.492,1,0,0
4894,2.385,419.287,1,0,0
4895,2.475,404.040,1,0,0
4896,4.240,235.849,1,0,0
4897,4.413,226.603,1,0,0
4898,4.322,231.374,1,0,0
4899,20.149,49.630,0,1,0
4900,5.404,185.048,1,0,0
4901,20.720,48.263,0,1,0
4902,5.206,192.086,1,0,0
4903,21.258,47.041,0,1,0
4904,4.868,205.423,1,0,0
4905,2.684,372.578,1,0,0
4906,3.813,262.261,1,0,0
4907,3.795,263.505,1,0,0
4908,3.543,282.247,1,0,0
4909,21.916,45.629,0,1,0
4910,2.557,391.083,1,0,0
4911,16.652,60.053,0,1,0
4912,2.498,400.320,1,0,0
4913,18.751,53.330,0,1,0
4914,2.674,373.972,1,0,0
4915,2.406,415.628,1,0,0
4916,6.047,165.371,1,0,0
4917,3.894,256.805,1,0,0
4918,5.173,193.311,1,0,0
4919,18.607,53.743,0,1,0
4920,4.188,238.777,1,0,0
4921,17.193,58.163,0,1,0
4922,3.748,266.809,1,0,0
4923,17.203,58.129,0,1,0
4924,18.020,55.494,0,1,0
4925,17.982,55.611,0,1,0
4926,18.306,54.627,0,1,0
4927,19.146,52.230,0,1,0
4928,22.354,44.735,0,1,0
4929,21.632,46.228,0,1,0
4930,22.461,44.522,0,1,0
4931,17.955,55.695,0,1,0
4932,17.496,57.156,0,1,0
4933,18.496,54.066,0,1,0
4934,17.639,56.693,0,1,0
4935,18.192,54.969,0,1,0
4936,17.452,57.300,0,1,0
4937,20.439,48.926,0,1,0
4938,2.656,376.506,1,0,0
4939,4.703,212.630,1,0,0
4940,23.557,42.450,0,1,0
4941,2.335,428.266,1,0,0
4942,2.793,358.038,1,0,0
4943,18.391,54.374,0,1,0
4944,17.314,57.757,0,1,0
4945,18.312,54.609,0,1,0
4946,18.112,55.212,0,1,0
4947,15.530,64.392,0,1,0
4948,15.785,63.351,0,1,0
4949,2.375,421.053,1,0,0
4950,16.825,59.435,0,1,0
4951,18.464,54.159,0,1,0
4952,18.629,53.680,0,1,0
4953,4.595,217.628,1,0,0
4954,17.873,55.950,0,1,0
4955,6.120,163.399,1,0,0
4956,5.655,176.835,1,0,0
4957,13.523,73.948,0,1,0
4958,11.875,84.211,0,1,0
4959,4.304,232.342,1,0,0
4960,5.261,190.078,1,0,0
4961,2.930,341.297,1,0,0
4962,3.272,305.623,1,0,0
4963,2.894,345.543,1,0,0
4964,9.408,106.293,0,1,0
4965,2.627,380.662,1,0,0
4966,7.839,127.567,0,1,0
4967,3.032,329.815,1,0,0
4968,3.168,315.657,1,0,0
4969,8.424,118.708,0,1,0
4970,7.786,128.436,1,0,0
4971,10.548,94.805,0,1,0
4972,12.743,78.474,0,1,0
4973,2.782,359.454,1,0,0
4974,13.499,74.080,0,1,0
4975,15.337,65.202,0,1,0
4976,15.623,64.008,0,1,0
4977,16.923,59.091,0,1,0
4978,16.675,59.970,0,1,0
4979,16.042,62.336,0,1,0
4980,17.488,57.182,0,1,0
4981,3.251,307.598,1,0,0
4982,3.260,306.748,1,0,0
4983,3.155,316.957,1,0,0
4984,14.609,68.451,0,1,0
4985,3.702,270.124,1,0,0
4986,2.999,333.444,1,0,0
4987,3.133,319.183,1,0,0
4988,15.105,66.203,0,1,0
4989,3.111,321.440,1,0,0
4990,3.620,276.243,1,0,0
4991,2.491,401.445,1,0,0
4992,13.882,72.036,0,1,0
4993,4.563,219.154,1,0,0
4994,3.490,286.533,1,0,0
4995,14.261,70.121,0,1,0
4996,4.772,209.556,1,0,0
4997,14.643,68.292,0,1,0
4998,3.975,251.572,1,0,0
4999,2.369,422.119,1,0,0
5000,2.165,461.894,1,0,0
5001,12.790,78.186,0,1,0
5002,2.602,384.320,1,0,0
5003,11.837,84.481,0,1,0
5004,4.834,206.868,1,0,0
5005,12.991,76.976,0,1,0
5006,2.739,365.097,1,0,0
5007,2.126,470.367,1,0,0
5008,1.895,527.704,1,0,0
5009,15.207,65.759,0,1,0
5010,5.760,173.611,1,0,0
5011,2.958,338.066,1,0,0
5012,3.233,309.310,1,0,0
5013,13.348,74.918,0,1,0
5014,14.999,66.671,0,1,0
5015,14.248,70.185,0,1,0
5016,14.795,67.590,0,1,0
5017,15.330,65.232,0,1,0
5018,2.678,373.413,1,0,0
5019,15.258,65.539,0,1,0
5020,1.672,598.086,1,0,0
5021,3.693,270.783,1,0,0
5022,3.140,318.471,1,0,0
5023,15.481,64.595,0,1,0
5024,2.174,459.982,1,0,0
5025,2.583,387.147,1,0,0
5026,2.956,338.295,1,0,0
5027,13.960,71.633,0,1,0
5028,4.109,243.368,1,0,0
5029,16.574,60.335,0,1,0
5030,2.995,333.890,1,0,0
5031,4.703,212.630,1,0,0
5032,16.830,59.418,0,1,0
5033,4.025,248.447,1,0,0
5034,3.561,280.820,1,0,0
5035,3.657,273.448,1,0,0
5036,13.461,74.289,0,1,0
5037,4.551,219.732,1,0,0
5038,8.563,116.782,1,0,0
5039,12.898,77.531,0,1,0
5040,3.922,254.972,1,0,0
5041,3.980,251.256,1,0,0
5042,15.074,66.339,0,1,0
5043,11.277,88.676,0,1,0
5044,9.439,105.943,0,1,0
5045,12.450,80.321,0,1,0
5046,2.247,445.038,1,0,0
5047,2.480,403.226,1,0,0
5048,4.014,249.128,1,0,0
5049,16.980,58.893,0,1,0
5050,4.814,207.727,1,0,0
5051,4.764,209.908,1,0,0
5052,18.291,54.672,0,1,0
5053,4.027,248.324,1,0,0
5054,20.999,47.621,0,1,0
5055,16.193,61.755,0,1,0
5056,3.434,291.206,1,0,0
5057,4.181,239.177,1,0,0
5058,10.718,93.301,0,1,0
5059,3.858,259.202,1,0,0
5060,3.243,308.356,1,0,0
5061,2.418,413.565,1,0,0
5062,2.491,401.445,1,0,0
5063,7.370,135.685,0,1,0
5064,2.786,358.938,1,0,0
5065,3.038,329.164,1,0,0
5066,6.944,144.009,1,0,0
5067,2.622,381.388,1,0,0
5068,4.995,200.200,1,0,0
5069,3.961,252.461,1,0,0
5070,6.451,155.015,0,1,0
5071,3.668,272.628,1,0,0
5072,5.227,191.314,1,0,0
5073,9.105,109.830,1,0,0
5074,12.506,79.962,0,1,0
5075,13.113,76.260,0,1,0
5076,6.948,143.926,1,0,0
5077,5.415,184.672,1,0,0
5078,2.321,430.849,1,0,0
5079,10.073,99.275,0,1,0
5080,2.738,365.230,1,0,0
5081,2.359,423.908,1,0,0
5082,2.031,492.368,1,0,0
5083,3.299,303.122,1,0,0
5084,12.226,81.793,0,1,0
5085,2.920,342.466,1,0,0
5086,12.928,77.351,0,1,0
5087,2.788,358.680,1,0,0
5088,2.445,408.998,1,0,0
5089,2.099,476.417,1,0,0
5090,14.233,70.259,0,1,0
5091,3.943,253.614,1,0,0
5092,4.667,214.270,1,0,0
5093,2.673,374.111,1,0,0
5094,2.760,362.319,1,0,0
5095,12.473,80.173,0,1,0
5096,3.413,292.997,1,0,0
5097,2.340,427.350,1,0,0
5098,14.107,70.887,0,1,0
5099,3.196,312.891,1,0,0
5100,17.807,56.158,0,1,0
5101,2.687,372.162,1,0,0
5102,3.342,299.222,1,0,0
5103,4.813,207.771,1,0,0
5104,22.300,44.843,0,1,0
5105,4.102,243.784,1,0,0
5106,8.283,120.729,1,0,0
5107,18.094,55.267,0,1,0
5108,17.844,56.041,0,1,0
5109,2.725,366.972,1,0,0
5110,17.288,57.844,0,1,0
5111,2.290,436.681,1,0,0
5112,5.821,171.792,1,0,0
5113,17.173,58.231,0,1,0
5114,4.699,212.811,1,0,0
5115,6.435,155.400,1,0,0
5116,12.691,78.796,0,1,0
5117,11.548,86.595,0,1,0
5118,12.944,77.256,0,1,0
5119,2.574,388.500,1,0,0
5120,3.427,291.800,1,0,0
5121,20.517,48.740,0,1,0
5122,3.083,324.359,1,0,0
5123,18.591,53.789,0,1,0
5124,17.742,56.363,0,1,0
5125,18.868,53.000,0,1,0
5126,18.676,53.545,0,1,0
5127,2.902,344.590,1,0,0
5128,11.927,83.843,0,1,0
5129,3.816,262.055,1,0,0
5130,11.657,85.785,0,1,0
5131,2.839,352.237,1,0,0
5132,13.098,76.348,0,1,0
5133,3.373,296.472,1,0,0
5134,3.539,282.566,1,0,0
5135,3.271,305.717,1,0,0
5136,14.560,68.681,0,1,0
5137,3.437,290.951,1,0,0
5138,15.893,62.921,0,1,0
5139,3.180,314.465,1,0,0
5140,14.920,67.024,0,1,0
5141,5.781,172.980,1,0,0
5142,17.254,57.958,0,1,0
5143,3.599,277.855,1,0,0
5144,4.403,227.118,1,0,0
5145,2.447,408.664,1,0,0
5146,2.413,414.422,1,0,0
5147,12.970,77.101,0,1,0
5148,4.132,242.014,1,0,0
5149,18.245,54.810,0,1,0
5150,4.197,238.265,1,0,0
5151,4.763,209.952,1,0,0
5152,16.511,60.566,0,1,0
5153,15.349,65.151,0,1,0
5154,3.938,253.936,1,0,0
5155,2.501,399.840,1,0,0
5156,16.487,60.654,0,1,0
5157,2.508,398.724,1,0,0
5158,2.411,414.766,1,0,0
5159,2.986,334.896,1,0,0
5160,15.338,65.198,0,1,0
5161,20.672,48.375,0,1,0
5162,15.396,64.952,0,1,0
5163,19.413,51.512,0,1,0
5164,5.749,173.943,1,0,0
5165,20.337,49.171,0,1,0
5166,2.710,369.004,1,0,0
5167,5.082,196.773,1,0,0
5168,17.388,57.511,0,1,0
5169,3.203,312.207,1,0,0
5170,16.227,61.626,0,1,0
5171,3.750,266.667,1,0,0
5172,2.989,334.560,1,0,0
5173,3.306,302.480,1,0,0
5174,3.503,285.470,1,0,0
5175,2.624,381.098,1,0,0
5176,14.495,68.989,0,1,0
5177,3.154,317.058,1,0,0
5178,14.964,66.827,0,1,0
5179,4.008,249.501,1,0,0
5180,3.200,312.500,1,0,0
5181,14.319,69.837,0,1,0
5182,4.220,236.967,1,0,0
5183,3.305,302.572,1,0,0
5184,2.554,391.543,1,0,0
5185,7.011,142.633,1,0,0
5186,11.170,89.526,0,1,0
5187,6.701,149.231,1,0,0
5188,6.575,152.091,1,0,0
5189,3.344,299.043,1,0,0
5190,6.154,162.496,0,1,0
5191,12.070,82.850,1,0,0
5192,13.916,71.860,1,0,0
5193,17.142,58.336,0,1,0
5194,14.460,69.156,0,1,0
5195,6.590,151.745,1,0,0
5196,8.555,116.891,1,0,0
5197,6.035,165.700,1,0,0
5198,14.747,67.810,0,1,0
5199,11.894,84.076,0,1,0
5200,11.858,84.331,0,1,0
5201,13.451,74.344,0,1,0
5202,12.312,81.222,0,1,0
5203,15.212,65.738,0,1,0
5204,15.711,63.650,0,1,0
5205,15.693,63.723,0,1,0
5206,15.594,64.127,0,1,0
5207,3.115,321.027,1,0,0
5208,3.398,294.291,1,0,0
5209,2.975,336.134,1,0,0
5210,25.193,39.694,0,1,0
5211,2.883,346.861,1,0,0
5212,3.067,326.052,1,0,0
5213,23.574,42.420,0,1,0
5214,2.960,337.838,1,0,0
5215,22.668,44.115,0,1,0
5216,23.958,41.740,0,1,0
5217,23.671,42.246,0,1,0
5218,18.261,54.762,0,1,0
5219,17.248,57.978,0,1,0
5220,21.944,45.571,0,1,0
5221,20.830,48.008,0,1,0
5222,2.063,484.731,1,0,0
5223,5.591,178.859,1,0,0
5224,3.358,297.796,1,0,0
5225,4.020,248.756,1,0,0
5226,4.210,237.530,1,0,0
5227,19.139,52.249,0,1,0
5228,3.664,272.926,1,0,0
5229,7.764,128.800,1,0,0
5230,7.556,132.345,1,0,0
5231,13.581,73.632,0,1,0
5232,3.953,252.972,1,0,0
5233,3.893,256.871,1,0,0
5234,10.167,98.357,0,1,0
5235,9.908,100.929,0,1,0
5236,8.897,112.397,0,1,0
5237,4.941,202.388,1,0,0
5238,3.001,333.222,1,0,0
5239,2.282,438.212,1,0,0
5240,8.496,117.702,0,1,0
5241,1.767,565.931,1,0,0
5242,7.265,137.646,0,1,0
5243,2.329,429.369,1,0,0
5244,2.407,415.455,1,0,0
5245,6.792,147.232,0,1,0
5246,1.629,613.874,1,0,0
5247,2.326,429.923,1,0,0
5248,5.756,173.732,1,0,0
5249,5.658,176.741,0,1,0
5250,5.276,189.538,0,1,0
5251,5.319,188.005,0,1,0
5252,4.940,202.429,0,1,0
5253,9.690,103.199,0,1,0
5254,5.769,173.340,1,0,0
5255,17.228,58.045,0,1,0
5256,5.587,178.987,1,0,0
5257,15.099,66.230,0,1,0
5258,3.318,301.386,1,0,0
5259,20.472,48.847,0,1,0
5260,3.794,263.574,1,0,0
5261,4.633,215.843,1,0,0
5262,3.269,305.904,1,0,0
5263,4.031,248.077,1,0,0
5264,3.326,300.661,1,0,0
5265,3.925,254.777,1,0,0
5266,17.514,57.097,0,1,0
5267,3.295,303.490,1,0,0
5268,3.535,282.885,1,0,0
5269,16.510,60.569,0,1,0
5270,3.843,260.213,1,0,0
5271,17.289,57.840,0,1,0
5272,3.471,288.101,1,0,0
5273,4.317,231.642,1,0,0
5274,17.583,56.873,0,1,0
5275,3.668,272.628,1,0,0
5276,11.396,87.750,0,1,0
5277,11.645,85.874,0,1,0
5278,15.859,63.056,0,1,0
5279,4.966,201.369,1,0,0
5280,3.167,315.756,1,0,0
5281,15.408,64.901,0,1,0
5282,14.790,67.613,0,1,0
5283,15.190,65.833,0,1,0
5284,15.326,65.249,0,1,0
5285,13.979,71.536,0,1,0
5286,4.766,209.820,1,0,0
5287,18.590,53.792,0,1,0
5288,18.180,55.006,0,1,0
5289,18.344,54.514,0,1,0
5290,18.616,53.717,0,1,0
5291,19.781,50.554,0,1,0
5292,17.340,57.670,0,1,0
5293,4.871,205.297,1,0,0
5294,2.658,376.223,1,0,0
5295,14.748,67.806,0,1,0
5296,15.503,64.504,0,1,0
5297,15.906,62.869,0,1,0
5298,18.592,53.787,0,1,0
5299,4.399,227.324,1,0,0
5300,3.472,288.018,1,0,0
5301,17.592,56.844,0,1,0
5302,3.660,273.224,1,0,0
5303,16.906,59.151,0,1,0
5304,3.165,315.956,1,0,0
5305,3.235,309.119,1,0,0
5306,15.381,65.015,0,1,0
5307,14.845,67.363,0,1,0
5308,15.574,64.210,0,1,0
5309,14.386,69.512,0,1,0
5310,15.444,64.750,0,1,0
5311,15.128,66.103,0,1,0
5312,15.872,63.004,0,1,0
5313,14.970,66.800,0,1,0
5314,13.935,71.762,0,1,0
5315,16.026,62.399,0,1,0
5316,15.179,65.880,0,1,0
5317,16.947,59.007,0,1,0
5318,4.761,210.040,1,0,0
5319,4.515,221.484,1,0,0
5320,3.650,273.973,1,0,0
5321,3.903,256.213,1,0,0
5322,4.911,203.625,1,0,0
5323,2.468,405.186,1,0,0
5324,5.137,194.666,1,0,0
5325,20.369,49.094,0,1,0
5326,4.646,215.239,1,0,0
5327,22.925,43.621,0,1,0
5328,4.376,228.519,1,0,0
5329,24.517,40.788,0,1,0
5330,4.201,238.039,1,0,0
5331,4.576,218.531,1,0,0
5332,21.281,46.990,0,1,0
5333,4.465,223.964,1,0,0
5334,5.999,166.694,1,0,0
5335,3.590,278.552,1,0,0
5336,3.282,304.692,1,0,0
5337,14.224,70.304,0,1,0
5338,14.786,67.632,0,1,0
5339,15.313,65.304,0,1,0
5340,18.467,54.151,0,1,0
5341,5.351,186.881,1,0,0
5342,4.275,233.918,1,0,0
5343,3.365,297.177,1,0,0
5344,5.483,182.382,1,0,0
5345,2.146,465.983,1,0,0
5346,14.998,66.676,0,1,0
5347,3.641,274.650,1,0,0
5348,1.947,513.611,1,0,0
5349,3.048,328.084,1,0,0
5350,12.459,80.263,0,1,0
5351,12.038,83.070,0,1,0
5352,12.188,82.048,0,1,0
5353,13.534,73.888,0,1,0
5354,12.200,81.967,0,1,0
5355,13.133,76.144,0,1,0
5356,12.553,79.662,0,1,0
5357,3.666,272.777,1,0,0
5358,3.427,291.800,1,0,0
5359,2.896,345.304,1,0,0
5360,17.855,56.007,0,1,0
5361,2.736,365.497,1,0,0
5362,2.860,349.650,1,0,0
5363,17.818,56.123,0,1,0
5364,18.386,54.389,0,1,0
5365,16.661,60.020,0,1,0
5366,17.944,55.729,0,1,0
5367,17.974,55.636,0,1,0
5368,21.403,46.722,0,1,0
5369,5.899,169.520,1,0,0
5370,5.350,186.916,1,0,0
5371,20.858,47.943,0,1,0
5372,3.675,272.109,1,0,0
5373,22.573,44.301,0,1,0
5374,3.773,265.041,1,0,0
5375,3.564,280.584,1,0,0
5376,23.983,41.696,0,1,0
5377,6.002,166.611,1,0,0
5378,3.649,274.048,1,0,0
5379,3.505,285.307,1,0,0
5380,21.685,46.115,0,1,0
5381,17.360,57.604,0,1,0
5382,17.733,56.392,0,1,0
5383,17.023,58.744,0,1,0
5384,17.748,56.344,0,1,0
5385,5.608,178.317,1,0,0
5386,17.482,57.202,0,1,0
5387,5.914,169.090,1,0,0
5388,17.496,57.156,0,1,0
5389,3.287,304.229,1,0,0
5390,13.710,72.939,0,1,0
5391,2.660,375.940,1,0,0
5392,3.085,324.149,1,0,0
5393,3.341,299.312,1,0,0
5394,3.199,312.598,1,0,0
5395,2.868,348.675,1,0,0
5396,5.891,169.750,1,0,0
5397,7.313,136.743,1,0,0
5398,17.024,58.741,0,1,0
5399,5.017,199.322,1,0,0
5400,17.513,57.100,0,1,0
5401,3.487,286.779,1,0,0
5402,14.063,71.109,0,1,0
5403,15.108,66.190,0,1,0
5404,16.519,60.536,0,1,0
5405,14.881,67.200,0,1,0
5406,16.099,62.116,0,1,0
5407,17.487,57.185,0,1,0
5408,16.802,59.517,0,1,0
5409,18.137,55.136,0,1,0
5410,18.135,55.142,0,1,0
5411,18.136,55.139,0,1,0
5412,5.676,176.180,1,0,0
5413,21.780,45.914,0,1,0
5414,18.045,55.417,0,1,0
5415,16.878,59.249,0,1,0
5416,5.259,190.150,1,0,0
5417,4.246,235.516,1,0,0
5418,21.228,47.108,0,1,0
5419,3.637,274.952,1,0,0
5420,3.246,308.071,1,0,0
5421,4.096,244.141,1,0,0
5422,21.741,45.996,0,1,0
5423,3.237,308.928,1,0,0
5424,2.088,478.927,1,0,0
5425,17.327,57.713,0,1,0
5426,2.155,464.037,1,0,0
5427,17.684,56.548,0,1,0
5428,2.142,466.853,1,0,0
5429,4.861,205.719,1,0,0
5430,3.991,250.564,1,0,0
5431,15.375,65.041,0,1,0
5432,3.342,299.222,1,0,0
5433,3.202,312.305,1,0,0
5434,12.474,80.167,0,1,0
5435,2.544,393.082,1,0,0
5436,4.322,231.374,1,0,0
5437,15.206,65.764,0,1,0
5438,11.561,86.498,0,1,0
5439,11.655,85.800,0,1,0
5440,11.803,84.724,0,1,0
5441,12.974,77.077,0,1,0
5442,13.670,73.153,0,1,0
5443,16.801,59.520,0,1,0
5444,3.560,280.899,1,0,0
5445,14.148,70.681,0,1,0
5446,14.746,67.815,0,1,0
5447,16.160,61.881,0,1,0
5448,6.147,162.681,1,0,0
5449,3.117,320.821,1,0,0
5450,3.120,320.513,1,0,0
5451,10.908,91.676,0,1,0
5452,3.010,332.226,1,0,0
5453,11.153,89.662,0,1,0
5454,2.421,413.052,1,0,0
5455,4.324,231.267,1,0,0
5456,3.514,284.576,1,0,0
5457,2.627,380.662,1,0,0
5458,2.944,339.674,1,0,0
5459,8.249,121.227,0,1,0
5460,10.804,92.558,0,1,0
5461,12.264,81.539,0,1,0
5462,12.128,82.454,0,1,0
5463,3.557,281.136,1,0,0
5464,3.334,299.940,1,0,0
5465,3.394,294.638,1,0,0
5466,3.212,311.333,1,0,0
5467,13.676,73.121,0,1,0
5468,5.509,181.521,1,0,0
5469,4.821,207.426,1,0,0
5470,12.288,81.380,0,1,0
5471,2.953,338.639,1,0,0
5472,2.166,461.681,1,0,0
5473,12.789,78.192,0,1,0
5474,2.035,491.400,1,0,0
5475,3.597,278.009,1,0,0
5476,3.028,330.251,1,0,0
5477,2.299,434.972,1,0,0
5478,13.992,71.469,0,1,0
5479,13.724,72.865,0,1,0
5480,13.819,72.364,0,1,0
5481,14.263,70.111,0,1,0
5482,5.091,196.425,1,0,0
5483,4.723,211.730,1,0,0
5484,4.482,223.115,1,0,0
5485,13.880,72.046,0,1,0
5486,15.490,64.558,0,1,0
5487,15.644,63.922,0,1,0
5488,14.206,70.393,0,1,0
5489,14.510,68.918,0,1,0
5490,9.389,106.508,0,1,0
5491,9.602,104.145,0,1,0
5492,9.558,104.624,0,1,0
5493,4.534,220.556,1,0,0
5494,2.892,345.781,1,0,0
5495,2.918,342.700,1,0,0
5496,10.587,94.455,0,1,0
5497,2.354,424.809,1,0,0
5498,1.863,536.769,1,0,0
5499,2.084,479.846,1,0,0
5500,3.847,259.943,1,0,0
5501,13.288,75.256,0,1,0
5502,8.991,111.222,0,1,0
5503,1.955,511.509,1,0,0
5504,2.571,388.954,1,0,0
5505,9.005,111.049,0,1,0
5506,2.414,414.250,1,0,0
5507,13.206,75.723,0,1,0
5508,2.337,427.899,1,0,0
5509,13.376,74.761,0,1,0
5510,2.331,429.000,1,0,0
5511,15.659,63.861,0,1,0
5512,17.378,57.544,0,1,0
5513,16.627,60.143,0,1,0
5514,14.642,68.297,0,1,0
5515,15.475,64.620,0,1,0
5516,21.218,47.130,0,1,0
5517,23.266,42.981,0,1,0
5518,26.769,37.357,0,1,0
5519,5.015,199.402,1,0,0
5520,25.492,39.228,0,1,0
5521,25.241,39.618,0,1,0
5522,5.724,174.703,1,0,0
5523,4.288,233.209,1,0,0
5524,3.982,251.130,1,0,0
5525,22.113,45.222,0,1,0
5526,4.034,247.893,1,0,0
5527,4.474,223.514,1,0,0
5528,4.124,242.483,1,0,0
5529,4.910,203.666,1,0,0
5530,21.575,46.350,0,1,0
5531,17.100,58.480,0,1,0
5532,16.971,58.924,0,1,0
5533,17.753,56.329,0,1,0
5534,13.073,76.494,0,1,0
5535,13.923,71.824,0,1,0
5536,15.486,64.574,0,1,0
5537,15.324,65.257,0,1,0
5538,16.843,59.372,0,1,0
5539,16.521,60.529,0,1,0
5540,4.271,234.137,1,0,0
5541,2.920,342.466,1,0,0
5542,3.287,304.229,1,0,0
5543,3.359,297.708,1,0,0
5544,3.891,257.003,1,0,0
5545,4.393,227.635,1,0,0
5546,12.728,78.567,0,1,0
5547,4.605,217.155,1,0,0
5548,5.546,180.310,1,0,0
5549,4.807,208.030,1,0,0
5550,4.236,236.072,1,0,0
5551,16.410,60.938,0,1,0
5552,4.218,237.079,1,0,0
5553,15.197,65.802,0,1,0
5554,3.312,301.932,1,0,0
5555,5.787,172.801,1,0,0
5556,4.742,210.881,1,0,0
5557,14.244,70.205,0,1,0
5558,13.316,75.098,0,1,0
5559,14.134,70.751,0,1,0
5560,13.936,71.757,0,1,0
5561,13.996,71.449,0,1,0
5562,13.833,72.291,0,1,0
5563,11.511,86.873,0,1,0
5564,14.899,67.119,0,1,0
5565,18.581,53.818,0,1,0
5566,17.216,58.086,0,1,0
5567,17.776,56.256,0,1,0
5568,16.213,61.679,0,1,0
5569,15.761,63.448,0,1,0
5570,11.434,87.458,0,1,0
5571,11.709,85.404,0,1,0
5572,3.400,294.118,1,0,0
5573,12.753,78.413,0,1,0
5574,2.394,417.711,1,0,0
5575,10.937,91.433,0,1,0
5576,2.741,364.830,1,0,0
5577,5.256,190.259,1,0,0
5578,20.219,49.458,0,1,0
5579,4.238,235.960,1,0,0
5580,3.516,284.414,1,0,0
5581,2.183,458.085,1,0,0
5582,14.852,67.331,0,1,0
5583,1.972,507.099,1,0,0
5584,14.155,70.646,0,1,0
5585,1.745,573.066,1,0,0
5586,14.877,67.218,0,1,0
5587,5.588,178.955,1,0,0
5588,5.297,188.786,1,0,0
5589,8.386,119.246,1,0,0
5590,2.635,379.507,1,0,0
5591,14.636,68.325,0,1,0
5592,1.897,527.148,1,0,0
5593,3.019,331.236,1,0,0
5594,2.321,430.849,1,0,0
5595,12.857,77.779,0,1,0
5596,3.328,300.481,1,0,0
5597,13.949,71.690,0,1,0
5598,13.385,74.710,0,1,0
5599,13.328,75.030,0,1,0
5600,17.906,55.847,0,1,0
5601,18.005,55.540,0,1,0
5602,17.409,57.442,0,1,0
5603,16.901,59.168,0,1,0
5604,17.684,56.548,0,1,0
5605,18.775,53.262,0,1,0
5606,16.340,61.200,0,1,0
5607,16.728,59.780,0,1,0
5608,16.969,58.931,0,1,0
5609,16.681,59.948,0,1,0
5610,15.784,63.355,0,1,0
5611,19.396,51.557,0,1,0
5612,2.219,450.653,1,0,0
5613,5.356,186.706,1,0,0
5614,21.228,47.108,0,1,0
5615,4.187,238.834,1,0,0
5616,16.542,60.452,0,1,0
5617,3.648,274.123,1,0,0
5618,4.221,236.911,1,0,0
5619,15.671,63.812,0,1,0
5620,2.934,340.832,1,0,0
5621,2.748,363.901,1,0,0
5622,5.374,186.081,1,0,0
5623,3.697,270.490,1,0,0
5624,3.954,252.908,1,0,0
5625,3.128,319.693,1,0,0
5626,14.164,70.602,0,1,0
5627,14.021,71.322,0,1,0
5628,2.098,476.644,1,0,0
5629,3.720,268.817,1,0,0
5630,12.893,77.561,0,1,0
5631,12.044,83.029,0,1,0
5632,12.144,82.345,0,1,0
5633,11.338,88.199,0,1,0
5634,11.630,85.985,0,1,0
5635,12.285,81.400,0,1,0
5636,10.980,91.075,0,1,0
5637,12.400,80.645,0,1,0
5638,13.657,73.223,0,1,0
5639,17.276,57.884,0,1,0
5640,15.693,63.723,0,1,0
5641,17.116,58.425,0,1,0
5642,2.454,407.498,1,0,0
5643,2.712,368.732,1,0,0
5644,16.777,59.605,0,1,0
5645,15.852,63.084,0,1,0
5646,16.695,59.898,0,1,0
5647,15.861,63.048,0,1,0
5648,14.401,69.440,0,1,0
5649,14.515,68.894,0,1,0
5650,13.691,73.041,0,1,0
5651,14.798,67.577,0,1,0
5652,16.300,61.350,0,1,0
5653,16.694,59.902,0,1,0
5654,14.717,67.949,0,1,0
5655,12.774,78.284,0,1,0
5656,3.035,329.489,1,0,0
5657,3.189,313.578,1,0,0
5658,2.484,402.576,1,0,0
5659,13.435,74.432,0,1,0
5660,15.131,66.089,0,1,0
5661,3.123,320.205,1,0,0
5662,2.769,361.141,1,0,0
5663,14.729,67.893,0,1,0
5664,3.157,316.756,1,0,0
5665,3.013,331.895,1,0,0
5666,2.853,350.508,1,0,0
5667,2.373,421.408,1,0,0
5668,15.081,66.309,0,1,0
5669,2.303,434.216,1,0,0
5670,16.096,62.127,0,1,0
5671,2.033,491.884,1,0,0
5672,1.987,503.271,1,0,0
5673,13.919,71.844,0,1,0
5674,2.720,367.647,1,0,0
5675,10.283,97.248,1,0,0
5676,10.375,96.386,0,1,0
5677,2.541,393.546,1,0,0
5678,8.888,112.511,0,1,0
5679,2.047,488.520,1,0,0
5680,2.083,480.077,1,0,0
5681,9.182,108.909,0,1,0
5682,2.552,391.850,1,0,0
5683,9.128,109.553,0,1,0
5684,4.365,229.095,1,0,0
5685,12.688,78.815,0,1,0
5686,3.421,292.312,1,0,0
5687,9.748,102.585,0,1,0
5688,8.427,118.666,0,1,0
5689,11.712,85.383,0,1,0
5690,14.881,67.200,0,1,0
5691,3.800,263.158,1,0,0
5692,3.943,253.614,1,0,0
5693,14.415,69.372,0,1,0
5694,2.815,355.240,1,0,0
5695,3.686,271.297,1,0,0
5696,10.933,91.466,1,0,0
5697,17.760,56.306,0,1,0
5698,7.199,138.908,1,0,0
5699,14.456,69.175,0,1,0
5700,13.816,72.380,0,1,0
5701,15.170,65.920,0,1,0
5702,14.388,69.502,0,1,0
5703,14.453,69.190,0,1,0
5704,14.747,67.810,0,1,0
5705,3.332,300.120,1,0,0
5706,14.483,69.046,0,1,0
5707,16.441,60.824,0,1,0
5708,18.477,54.121,0,1,0
5709,22.423,44.597,0,1,0
5710,22.641,44.168,0,1,0
5711,21.719,46.043,0,1,0
5712,20.427,48.955,0,1,0
5713,19.556,51.135,0,1,0
5714,5.533,180.734,1,0,0
5715,4.815,207.684,1,0,0
5716,15.686,63.751,0,1,0
5717,5.384,185.736,1,0,0
5718,12.505,79.968,0,1,0
5719,12.402,80.632,0,1,0
5720,12.757,78.388,0,1,0
5721,14.606,68.465,0,1,0
5722,16.620,60.168,0,1,0
5723,15.905,62.873,0,1,0
5724,15.805,63.271,0,1,0
5725,15.641,63.935,0,1,0
5726,14.663,68.199,0,1,0
5727,2.398,417.014,1,0,0
5728,19.210,52.056,0,1,0
5729,2.477,403.714,1,0,0
5730,2.558,390.930,1,0,0
5731,2.261,442.282,1,0,0
5732,18.746,53.345,0,1,0
5733,2.187,457.247,1,0,0
5734,2.323,430.478,1,0,0
5735,2.673,374.111,1,0,0
5736,17.945,55.726,0,1,0
5737,3.390,294.985,1,0,0
5738,3.265,306.279,1,0,0
5739,3.117,320.821,1,0,0
5740,3.755,266.312,1,0,0
5741,2.658,376.223,1,0,0
5742,2.592,385.802,1,0,0
5743,16.864,59.298,0,1,0
5744,2.544,393.082,1,0,0
5745,17.681,56.558,0,1,0
5746,2.058,485.909,1,0,0
5747,4.993,200.280,1,0,0
5748,1.944,514.403,1,0,0
5749,17.873,55.950,0,1,0
5750,18.522,53.990,0,1,0
5751,18.332,54.549,0,1,0
5752,15.388,64.986,0,1,0
5753,15.120,66.138,0,1,0
5754,18.815,53.149,0,1,0
5755,4.615,216.685,1,0,0
5756,17.991,55.583,0,1,0
5757,21.082,47.434,0,1,0
5758,4.328,231.054,1,0,0
5759,2.596,385.208,1,0,0
5760,20.823,48.024,0,1,0
5761,2.131,469.263,1,0,0
5762,2.664,375.375,1,0,0
5763,2.278,438.982,1,0,0
5764,17.306,57.783,0,1,0
5765,20.132,49.672,0,1,0
5766,21.999,45.457,0,1,0
5767,5.496,181.951,1,0,0
5768,21.681,46.123,0,1,0
5769,3.116,320.924,1,0,0
5770,3.772,265.111,1,0,0
5771,20.548,48.667,0,1,0
5772,2.672,374.251,1,0,0
5773,21.021,47.571,0,1,0
5774,3.546,282.008,1,0,0
5775,22.138,45.171,0,1,0
5776,3.977,251.446,1,0,0
5777,4.575,218.579,1,0,0
5778,5.978,167.280,1,0,0
5779,20.762,48.165,0,1,0
5780,5.213,191.828,1,0,0
5781,18.278,54.711,0,1,0
5782,5.083,196.734,1,0,0
5783,4.057,246.488,1,0,0
5784,5.172,193.349,1,0,0
5785,4.678,213.767,1,0,0
5786,18.041,55.429,0,1,0
5787,18.450,54.201,0,1,0
5788,2.729,366.435,1,0,0
5789,3.876,257.998,1,0,0
5790,19.338,51.712,0,1,0
5791,14.440,69.252,0,1,0
5792,15.074,66.339,0,1,0
5793,2.210,452.489,1,0,0
5794,2.599,384.763,1,0,0
5795,3.311,302.024,1,0,0
5796,12.938,77.292,0,1,0
5797,2.732,366.032,1,0,0
5798,13.052,76.617,0,1,0
5799,5.160,193.798,1,0,0
5800,16.202,61.721,0,1,0
5801,5.099,196.117,1,0,0
5802,3.308,302.297,1,0,0
5803,4.345,230.150,1,0,0
5804,17.542,57.006,0,1,0
5805,3.535,282.885,1,0,0
5806,7.816,127.943,1,0,0
5807,11.674,85.660,0,1,0
5808,11.297,88.519,0,1,0
5809,13.480,74.184,0,1,0
5810,14.299,69.935,0,1,0
5811,14.335,69.759,0,1,0
5812,14.819,67.481,0,1,0
5813,16.981,58.889,0,1,0
5814,15.854,63.076,0,1,0
5815,15.621,64.016,0,1,0
5816,17.362,57.597,0,1,0
5817,2.339,427.533,1,0,0
5818,2.115,472.813,1,0,0
5819,4.024,248.509,1,0,0
5820,3.508,285.063,1,0,0
5821,3.373,296.472,1,0,0
5822,3.559,280.978,1,0,0
5823,15.098,66.234,0,1,0
5824,4.649,215.100,1,0,0
5825,18.862,53.017,0,1,0
5826,5.042,198.334,1,0,0
5827,5.005,199.800,1,0,0
5828,16.809,59.492,0,1,0
5829,4.896,204.248,1,0,0
5830,15.373,65.049,0,1,0
5831,3.546,282.008,1,0,0
5832,16.443,60.816,0,1,0
5833,2.590,386.100,1,0,0
5834,2.647,377.786,1,0,0
5835,16.103,62.100,0,1,0
5836,2.224,449.640,1,0,0
5837,2.561,390.472,1,0,0
5838,7.080,141.243,1,0,0
5839,22.938,43.596,0,1,0
5840,17.781,56.240,0,1,0
5841,18.060,55.371,0,1,0
5842,18.888,52.944,0,1,0
5843,18.404,54.336,0,1,0
5844,19.549,51.154,0,1,0
5845,6.266,159.591,1,0,0
5846,20.592,48.563,0,1,0
5847,4.933,202.716,1,0,0
5848,4.300,232.558,1,0,0
5849,4.736,211.149,1,0,0
5850,16.006,62.477,0,1,0
5851,3.849,259.808,1,0,0
5852,15.397,64.948,0,1,0
5853,3.322,301.023,1,0,0
5854,18.268,54.741,0,1,0
5855,4.325,231.214,1,0,0
5856,3.354,298.151,1,0,0
5857,3.231,309.502,1,0,0
5858,21.247,47.065,0,1,0
5859,16.023,62.410,0,1,0
5860,3.436,291.036,1,0,0
5861,15.829,63.175,0,1,0
5862,3.186,313.873,1,0,0
5863,3.049,327.976,1,0,0
5864,2.750,363.636,1,0,0
5865,11.622,86.044,0,1,0
5866,12.096,82.672,0,1,0
5867,14.961,66.840,0,1,0
5868,17.356,57.617,0,1,0
5869,18.393,54.369,0,1,0
5870,4.364,229.148,1,0,0
5871,18.872,52.989,0,1,0
5872,2.712,368.732,1,0,0
5873,14.519,68.875,0,1,0
5874,12.416,80.541,0,1,0
5875,12.132,82.427,0,1,0
5876,3.176,314.861,1,0,0
5877,2.801,357.015,1,0,0
5878,2.694,371.195,1,0,0
5879,9.347,106.986,0,1,0
5880,3.836,260.688,1,0,0
5881,9.058,110.400,0,1,0
5882,6.502,153.799,1,0,0
5883,11.876,84.203,0,1,0
5884,4.521,221.190,1,0,0
5885,7.596,131.648,0,1,0
5886,10.074,99.265,0,1,0
5887,9.536,104.866,0,1,0
5888,10.135,98.668,0,1,0
5889,9.385,106.553,0,1,0
5890,2.319,431.220,1,0,0
5891,1.782,561.167,1,0,0
5892,4.380,228.311,1,0,0
5893,12.416,80.541,0,1,0
5894,2.138,467.727,1,0,0
5895,10.947,91.349,0,1,0
5896,2.279,438.789,1,0,0
5897,2.583,387.147,1,0,0
5898,2.540,393.701,1,0,0
5899,14.903,67.101,0,1,0
5900,13.920,71.839,0,1,0
5901,16.773,59.620,0,1,0
5902,13.909,71.896,0,1,0
5903,4.186,238.892,1,0,0
5904,3.548,281.849,1,0,0
5905,2.241,446.229,1,0,0
5906,15.429,64.813,0,1,0
5907,3.425,291.971,1,0,0
5908,6.689,149.499,1,0,0
5909,4.279,233.699,1,0,0
5910,14.356,69.657,0,1,0
5911,5.671,176.336,1,0,0
5912,9.513,105.119,0,1,0
5913,8.921,112.095,0,1,0
5914,7.802,128.172,0,1,0
5915,13.437,74.421,0,1,0
5916,4.544,220.070,1,0,0
5917,15.757,63.464,0,1,0
5918,8.404,118.991,1,0,0
5919,14.675,68.143,0,1,0
5920,5.007,199.720,1,0,0
5921,4.675,213.904,1,0,0
5922,10.288,97.201,0,1,0
5923,10.379,96.348,0,1,0
5924,10.761,92.928,0,1,0
5925,4.738,211.060,1,0,0
5926,2.178,459.137,1,0,0
5927,2.058,485.909,1,0,0
5928,2.898,345.066,1,0,0
5929,15.846,63.107,0,1,0
5930,12.392,80.697,0,1,0
5931,17.564,56.935,0,1,0
5932,16.447,60.801,0,1,0
5933,16.819,59.457,0,1,0
5934,3.110,321.543,1,0,0
5935,12.579,79.498,0,1,0
5936,11.418,87.581,0,1,0
5937,11.198,89.302,0,1,0
5938,9.796,102.082,0,1,0
5939,9.909,100.918,0,1,0
5940,10.330,96.805,0,1,0
5941,9.362,106.815,0,1,0
5942,4.338,230.521,1,0,0
5943,15.064,66.383,0,1,0
5944,4.387,227.946,1,0,0
5945,4.868,205.423,1,0,0
5946,4.710,212.314,1,0,0
5947,16.274,61.448,0,1,0
5948,5.386,185.667,1,0,0
5949,4.552,219.684,1,0,0
5950,5.181,193.013,1,0,0
5951,6.332,157.928,1,0,0
5952,3.470,288.184,1,0,0
5953,3.729,268.168,1,0,0
5954,13.069,76.517,0,1,0
5955,14.148,70.681,0,1,0
5956,5.184,192.901,1,0,0
5957,18.512,54.019,0,1,0
5958,2.527,395.726,1,0,0
5959,19.259,51.924,0,1,0
5960,2.836,352.609,1,0,0
5961,2.347,426.076,1,0,0
5962,17.318,57.743,0,1,0
5963,2.802,356.888,1,0,0
5964,2.195,455.581,1,0,0
5965,2.453,407.664,1,0,0
5966,2.454,407.498,1,0,0
5967,2.259,442.674,1,0,0
5968,15.538,64.358,0,1,0
5969,1.995,501.253,1,0,0
5970,2.315,431.965,1,0,0
5971,2.709,369.140,1,0,0
5972,2.152,464.684,1,0,0
5973,4.406,226.963,1,0,0
5974,14.748,67.806,0,1,0
5975,4.212,237.417,1,0,0
5976,4.943,202.306,1,0,0
5977,16.357,61.136,0,1,0
5978,4.861,205.719,1,0,0
5979,17.061,58.613,0,1,0
5980,4.709,212.359,1,0,0
5981,4.371,228.781,1,0,0
5982,4.159,240.442,1,0,0
5983,16.096,62.127,0,1,0
5984,4.980,200.803,1,0,0
5985,5.030,198.807,1,0,0
5986,14.996,66.684,0,1,0
5987,3.659,273.299,1,0,0
5988,3.771,265.182,1,0,0
5989,16.440,60.827,0,1,0
5990,4.152,240.848,1,0,0
5991,17.820,56.117,0,1,0
5992,17.910,55.835,0,1,0
5993,4.333,230.787,1,0,0
5994,4.783,209.074,1,0,0
5995,16.868,59.284,0,1,0
5996,3.800,263.158,1,0,0
5997,3.038,329.164,1,0,0
5998,17.262,57.931,0,1,0
5999,4.317,231.642,1,0,0
6000,3.699,270.343,1,0,0
6001,2.888,346.260,1,0,0
6002,15.177,65.889,0,1,0
6003,4.384,228.102,1,0,0
6004,2.361,423.549,1,0,0
6005,2.333,428.633,1,0,0
6006,2.856,350.140,1,0,0
6007,1.731,577.701,1,0,0
6008,9.407,106.304,0,1,0
6009,2.558,390.930,1,0,0
6010,10.097,99.039,0,1,0
6011,2.114,473.037,1,0,0
6012,4.020,248.756,1,0,0
6013,6.545,152.788,1,0,0
6014,9.436,105.977,0,1,0
6015,3.726,268.384,1,0,0
6016,6.085,164.339,1,0,0
6017,3.349,298.597,0,1,0
6018,5.465,182.983,1,0,0
6019,5.701,175.408,1,0,0
6020,5.195,192.493,1,0,0
6021,11.755,85.070,0,1,0
6022,12.445,80.354,0,1,0
6023,3.549,281.770,1,0,0
6024,3.778,264.690,1,0,0
6025,1.969,507.872,1,0,0
6026,2.007,498.256,1,0,0
6027,11.936,83.780,0,1,0
6028,12.143,82.352,0,1,0
6029,12.692,78.790,0,1,0
6030,14.061,71.119,0,1,0
6031,4.810,207.900,1,0,0
6032,3.231,309.502,1,0,0
6033,18.134,55.145,0,1,0
6034,3.596,278.087,1,0,0
6035,2.937,340.483,1,0,0
6036,15.685,63.755,0,1,0
6037,3.417,292.654,1,0,0
6038,17.507,57.120,0,1,0
6039,2.409,415.110,1,0,0
6040,2.839,352.237,1,0,0
6041,2.963,337.496,1,0,0
6042,3.260,306.748,1,0,0
6043,2.239,446.628,1,0,0
6044,2.308,433.276,1,0,0
6045,12.678,78.877,0,1,0
6046,2.095,477.327,1,0,0
6047,13.809,72.417,0,1,0
6048,2.269,440.723,1,0,0
6049,14.259,70.131,0,1,0
6050,1.991,502.260,1,0,0
6051,1.572,636.132,1,0,0
6052,16.714,59.830,0,1,0
6053,17.052,58.644,0,1,0
6054,17.410,57.438,0,1,0
6055,16.778,59.602,0,1,0
6056,15.649,63.902,0,1,0
6057,15.134,66.076,0,1,0
6058,16.313,61.301,0,1,0
6059,19.481,51.332,0,1,0
6060,18.564,53.868,0,1,0
6061,20.295,49.273,0,1,0
6062,19.019,52.579,0,1,0
6063,20.246,49.392,0,1,0
6064,4.403,227.118,1,0,0
6065,4.538,220.361,1,0,0
6066,4.194,238.436,1,0,0
6067,20.870,47.916,0,1,0
6068,4.142,241.429,1,0,0
6069,18.172,55.030,0,1,0
6070,5.213,191.828,1,0,0
6071,5.788,172.771,1,0,0
6072,16.884,59.228,0,1,0
6073,5.143,194.439,1,0,0
6074,5.107,195.810,1,0,0
6075,16.892,59.200,0,1,0
6076,3.990,250.627,1,0,0
6077,2.107,474.608,1,0,0
6078,10.731,93.188,0,1,0
6079,2.522,396.511,1,0,0
6080,2.295,435.730,1,0,0
6081,10.800,92.593,0,1,0
6082,13.084,76.429,0,1,0
6083,3.446,290.192,1,0,0
6084,4.329,231.000,1,0,0
6085,2.708,369.276,1,0,0
6086,12.231,81.759,0,1,0
6087,2.099,476.417,1,0,0
6088,2.778,359.971,1,0,0
6089,2.802,356.888,1,0,0
6090,10.120,98.814,0,1,0
6091,3.067,326.052,1,0,0
6092,3.233,309.310,1,0,0
6093,11.288,88.590,0,1,0
6094,1.843,542.594,1,0,0
6095,4.382,228.206,1,0,0
6096,8.741,114.403,0,1,0
6097,2.915,343.053,1,0,0
6098,10.324,96.862,0,1,0
6099,3.397,294.377,1,0,0
6100,2.605,383.877,1,0,0
6101,2.662,375.657,1,0,0
6102,12.830,77.942,0,1,0
6103,16.471,60.713,0,1,0
6104,16.802,59.517,0,1,0
6105,18.694,53.493,0,1,0
6106,19.145,52.233,0,1,0
6107,18.484,54.101,0,1,0
6108,3.813,262.261,1,0,0
6109,18.809,53.166,0,1,0
6110,3.856,259.336,1,0,0
6111,3.360,297.619,1,0,0
6112,4.804,208.160,1,0,0
6113,1.739,575.043,1,0,0
6114,12.698,78.753,0,1,0
6115,1.639,610.128,1,0,0
6116,1.793,557.724,1,0,0
6117,2.101,475.964,1,0,0
6118,10.879,91.920,0,1,0
6119,2.245,445.434,1,0,0
6120,2.482,402.901,1,0,0
6121,2.606,383.730,1,0,0
6122,2.974,336.247,1,0,0
6123,2.515,397.614,1,0,0
6124,4.473,223.564,1,0,0
6125,12.953,77.202,0,1,0
6126,4.054,246.670,1,0,0
6127,2.426,412.201,1,0,0
6128,2.029,492.854,1,0,0
6129,6.379,156.764,0,1,0
6130,2.540,393.701,1,0,0
6131,6.480,154.321,0,1,0
6132,2.537,394.166,1,0,0
6133,1.832,545.852,1,0,0
6134,2.350,425.532,1,0,0
6135,7.246,138.007,0,1,0
6136,3.186,313.873,1,0,0
6137,3.276,305.250,1,0,0
6138,5.308,188.395,0,1,0
6139,3.712,269.397,1,0,0
6140,6.332,157.928,0,1,0
6141,6.259,159.770,0,1,0
6142,4.732,211.327,0,1,0
6143,5.462,183.083,0,1,0
6144,7.988,125.188,0,1,0
6145,7.918,126.295,0,1,0
6146,9.415,106.213,0,1,0
6147,3.732,267.953,1,0,0
6148,8.913,112.196,0,1,0
6149,4.653,214.915,1,0,0
6150,2.882,346.981,1,0,0
6151,7.116,140.528,0,1,0
6152,9.861,101.410,0,1,0
6153,12.166,82.196,0,1,0
6154,3.639,274.801,1,0,0
6155,15.202,65.781,0,1,0
6156,5.579,179.244,1,0,0
6157,15.175,65.898,0,1,0
6158,5.343,187.161,1,0,0
6159,16.151,61.916,0,1,0
6160,5.905,169.348,1,0,0
6161,13.491,74.123,0,1,0
6162,4.721,211.820,1,0,0
6163,10.410,96.061,0,1,0
6164,2.801,357.015,1,0,0
6165,2.281,438.404,1,0,0
6166,3.192,313.283,1,0,0
6167,4.791,208.725,1,0,0
6168,11.305,88.456,0,1,0
6169,7.681,130.191,1,0,0
6170,2.922,342.231,1,0,0
6171,2.077,481.464,1,0,0
6172,6.160,162.338,0,1,0
6173,3.338,299.581,1,0,0
6174,5.760,173.611,1,0,0
6175,12.833,77.924,0,1,0
6176,4.459,224.266,1,0,0
6177,11.453,87.313,0,1,0
6178,4.172,239.693,1,0,0
6179,2.926,341.763,1,0,0
6180,6.566,152.300,0,1,0
6181,3.003,333.000,1,0,0
6182,6.373,156.912,0,1,0
6183,2.256,443.262,1,0,0
6184,2.294,435.920,1,0,0
6185,6.154,162.496,0,1,0
6186,2.043,489.476,1,0,0
6187,9.714,102.944,0,1,0
6188,2.548,392.465,1,0,0
6189,2.091,478.240,1,0,0
6190,9.458,105.731,0,1,0
6191,2.101,475.964,1,0,0
6192,10.958,91.258,0,1,0
6193,12.213,81.880,0,1,0
6194,1.742,574.053,1,0,0
6195,1.831,546.150,1,0,0
6196,5.720,174.825,1,0,0
6197,20.286,49.295,0,1,0
6198,4.696,212.947,1,0,0
6199,4.597,217.533,1,0,0
6200,21.477,46.561,0,1,0
6201,4.187,238.834,1,0,0
6202,4.812,207.814,1,0,0
6203,16.641,60.093,0,1,0
6204,4.209,237.586,1,0,0
6205,5.087,196.580,1,0,0
6206,15.682,63.767,0,1,0
6207,13.278,75.313,0,1,0
6208,15.151,66.002,0,1,0
6209,13.801,72.459,0,1,0
6210,14.523,68.856,0,1,0
6211,5.209,191.975,1,0,0
6212,3.913,255.558,1,0,0
6213,2.733,365.898,1,0,0
6214,14.830,67.431,0,1,0
6215,2.632,379.939,1,0,0
6216,14.001,71.423,0,1,0
6217,2.415,414.079,1,0,0
6218,2.859,349.773,1,0,0
6219,11.300,88.496,0,1,0
6220,1.856,538.793,1,0,0
6221,12.905,77.489,0,1,0
6222,2.273,439.947,1,0,0
6223,3.000,333.333,1,0,0
6224,2.612,382.848,1,0,0
6225,2.760,362.319,1,0,0
6226,11.652,85.822,0,1,0
6227,2.223,449.843,1,0,0
6228,4.646,215.239,1,0,0
6229,15.153,65.994,0,1,0
6230,3.695,270.636,1,0,0
6231,14.526,68.842,0,1,0
6232,10.291,97.172,0,1,0
6233,13.152,76.034,0,1,0
6234,15.957,62.668,0,1,0
6235,13.879,72.051,0,1,0
6236,3.141,318.370,1,0,0
6237,3.888,257.202,1,0,0
6238,4.462,224.115,1,0,0
6239,14.437,69.266,0,1,0
6240,4.276,233.863,1,0,0
6241,13.663,73.190,0,1,0
6242,14.236,70.244,0,1,0
6243,3.760,265.957,1,0,0
6244,4.483,223.065,1,0,0
6245,12.109,82.583,0,1,0
6246,5.549,180.213,1,0,0
6247,9.761,102.449,0,1,0
6248,10.292,97.163,0,1,0
6249,9.347,106.986,0,1,0
6250,9.284,107.712,0,1,0
6251,9.145,109.349,0,1,0
6252,11.067,90.359,0,1,0
6253,9.052,110.473,0,1,0
6254,4.055,246.609,1,0,0
6255,19.115,52.315,0,1,0
6256,4.508,221.828,1,0,0
6257,16.385,61.031,0,1,0
6258,18.217,54.894,0,1,0
6259,5.021,199.164,1,0,0
6260,18.963,52.734,0,1,0
6261,15.139,66.055,0,1,0
6262,3.154,317.058,1,0,0
6263,13.387,74.699,0,1,0
6264,3.071,325.627,1,0,0
6265,12.379,80.782,0,1,0
6266,3.591,278.474,1,0,0
6267,2.216,451.264,1,0,0
6268,10.814,92.473,0,1,0
6269,11.407,87.665,0,1,0
6270,11.655,85.800,0,1,0
6271,4.375,228.571,1,0,0
6272,10.987,91.017,0,1,0
6273,12.477,80.147,0,1,0
6274,11.397,87.742,0,1,0
6275,14.596,68.512,0,1,0
6276,14.723,67.921,0,1,0
6277,15.384,65.003,0,1,0
6278,16.099,62.116,0,1,0
6279,16.717,59.819,0,1,0
6280,13.055,76.599,0,1,0
6281,14.024,71.306,0,1,0
6282,4.497,222.370,1,0,0
6283,4.817,207.598,1,0,0
6284,21.596,46.305,0,1,0
6285,5.484,182.349,1,0,0
6286,5.584,179.083,1,0,0
6287,4.550,219.780,1,0,0
6288,4.142,241.429,1,0,0
6289,3.997,250.188,1,0,0
6290,18.253,54.786,0,1,0
6291,3.614,276.702,1,0,0
6292,3.844,260.146,1,0,0
6293,2.660,375.940,1,0,0
6294,3.706,269.833,1,0,0
6295,3.529,283.366,1,0,0
6296,19.843,50.396,0,1,0
6297,16.583,60.303,0,1,0
6298,3.935,254.130,1,0,0
6299,4.681,213.630,1,0,0
6300,4.523,221.092,1,0,0
6301,13.902,71.932,0,1,0
6302,4.098,244.021,1,0,0
6303,17.731,56.398,0,1,0
6304,3.344,299.043,1,0,0
6305,2.683,372.717,1,0,0
6306,2.445,408.998,1,0,0
6307,11.588,86.296,0,1,0
6308,10.867,92.022,0,1,0
6309,2.326,429.923,1,0,0
6310,2.561,390.472,1,0,0
6311,10.820,92.421,0,1,0
6312,3.311,302.024,1,0,0
6313,3.325,300.752,1,0,0
6314,2.060,485.437,1,0,0
6315,7.073,141.383,0,1,0
6316,2.437,410.341,1,0,0
6317,7.840,127.551,0,1,0
6318,1.928,518.672,1,0,0
6319,2.561,390.472,1,0,0
6320,7.526,132.873,0,1,0
6321,2.583,387.147,1,0,0
6322,7.635,130.976,0,1,0
6323,2.333,428.633,1,0,0
6324,1.919,521.105,1,0,0
6325,1.809,552.792,1,0,0
6326,6.570,152.207,0,1,0
6327,1.922,520.291,1,0,0
6328,1.361,734.754,1,0,0
6329,2.140,467.290,1,0,0
6330,6.564,152.346,0,1,0
6331,3.445,290.276,1,0,0
6332,3.263,306.466,1,0,0
6333,13.557,73.763,0,1,0
6334,12.192,82.021,0,1,0
6335,12.514,79.911,0,1,0
6336,11.743,85.157,0,1,0
6337,11.870,84.246,0,1,0
6338,11.318,88.355,0,1,0
6339,12.120,82.508,0,1,0
6340,14.828,67.440,0,1,0
6341,6.448,155.087,1,0,0
6342,7.864,127.162,1,0,0
6343,3.562,280.741,1,0,0
6344,3.720,268.817,1,0,0
6345,3.308,302.297,1,0,0
6346,11.410,87.642,0,1,0
6347,2.105,475.059,1,0,0
6348,4.900,204.082,1,0,0
6349,8.873,112.701,0,1,0
6350,4.479,223.264,1,0,0
6351,10.008,99.920,0,1,0
6352,14.444,69.233,0,1,0
6353,4.346,230.097,1,0,0
6354,4.489,222.767,1,0,0
6355,14.596,68.512,0,1,0
6356,5.675,176.211,1,0,0
6357,4.760,210.084,1,0,0
6358,4.029,248.201,1,0,0
6359,3.682,271.592,1,0,0
6360,4.509,221.779,1,0,0
6361,8.799,113.649,0,1,0
6362,3.464,288.684,1,0,0
6363,7.313,136.743,0,1,0
6364,3.124,320.102,1,0,0
6365,2.664,375.375,1,0,0
6366,6.864,145.688,0,1,0
6367,7.301,136.968,0,1,0
6368,2.796,357.654,1,0,0
6369,2.764,361.795,1,0,0
6370,8.943,111.819,0,1,0
6371,2.928,341.530,1,0,0
6372,1.980,505.051,1,0,0
6373,3.510,284.900,1,0,0
6374,10.151,98.512,0,1,0
6375,3.683,271.518,1,0,0
6376,10.749,93.032,0,1,0
6377,12.698,78.753,0,1,0
6378,14.323,69.818,0,1,0
6379,16.364,61.110,0,1,0
6380,14.191,70.467,0,1,0
6381,15.724,63.597,0,1,0
6382,13.101,76.330,0,1,0
6383,15.709,63.658,0,1,0
6384,13.919,71.844,0,1,0
6385,3.346,298.864,1,0,0
6386,13.081,76.447,0,1,0
6387,12.373,80.821,0,1,0
6388,13.015,76.834,0,1,0
6389,13.768,72.632,0,1,0
6390,14.013,71.362,0,1,0
6391,16.549,60.427,0,1,0
6392,2.870,348.432,1,0,0
6393,3.436,291.036,1,0,0
6394,14.501,68.961,0,1,0
6395,4.161,240.327,1,0,0
6396,2.547,392.619,1,0,0
6397,13.506,74.041,0,1,0
6398,13.334,74.996,0,1,0
6399,1.923,520.021,1,0,0
6400,1.730,578.035,1,0,0
6401,2.380,420.168,1,0,0
6402,2.009,497.760,1,0,0
6403,2.418,413.565,1,0,0
6404,4.957,201.735,1,0,0
6405,21.495,46.522,0,1,0
6406,3.554,281.373,1,0,0
6407,21.057,47.490,0,1,0
6408,4.332,230.840,1,0,0
6409,2.927,341.647,1,0,0
6410,2.104,475.285,1,0,0
6411,17.105,58.462,0,1,0
6412,2.273,439.947,1,0,0
6413,3.397,294.377,1,0,0
6414,18.034,55.451,0,1,0
6415,3.918,255.232,1,0,0
6416,3.175,314.961,1,0,0
6417,2.657,376.364,1,0,0
6418,19.719,50.713,0,1,0
6419,2.111,473.709,1,0,0
6420,20.212,49.476,0,1,0
6421,2.306,433.651,1,0,0
6422,2.009,497.760,1,0,0
6423,2.270,440.529,1,0,0
6424,18.298,54.651,0,1,0
6425,4.050,246.914,1,0,0
6426,20.323,49.205,0,1,0
6427,2.751,363.504,1,0,0
6428,2.853,350.508,1,0,0
6429,3.573,279.877,1,0,0
6430,3.150,317.460,1,0,0
6431,17.565,56.931,0,1,0
6432,18.209,54.918,0,1,0
6433,17.512,57.104,0,1,0
6434,5.171,193.386,1,0,0
6435,4.610,216.920,1,0,0
6436,19.728,50.689,0,1,0
6437,2.375,421.053,1,0,0
6438,2.659,376.081,1,0,0
6439,2.966,337.154,1,0,0
6440,18.586,53.804,0,1,0
6441,2.951,338.868,1,0,0
6442,2.670,374.532,1,0,0
6443,16.694,59.902,0,1,0
6444,17.631,56.718,0,1,0
6445,16.276,61.440,0,1,0
6446,19.805,50.492,0,1,0
6447,5.257,190.223,1,0,0
6448,22.756,43.944,0,1,0
6449,3.347,298.775,1,0,0
6450,1.892,528.541,1,0,0
6451,2.524,396.197,1,0,0
6452,19.348,51.685,0,1,0
6453,2.519,396.983,1,0,0
6454,5.481,182.448,1,0,0
6455,18.689,53.507,0,1,0
6456,18.095,55.264,0,1,0
6457,2.764,361.795,1,0,0
6458,2.267,441.112,1,0,0
6459,1.862,537.057,1,0,0
6460,2.066,484.027,1,0,0
6461,1.791,558.347,1,0,0
6462,5.289,189.072,1,0,0
6463,3.533,283.046,1,0,0
6464,3.320,301.205,1,0,0
6465,2.919,342.583,1,0,0
6466,17.883,55.919,0,1,0
6467,17.504,57.130,0,1,0
6468,19.209,52.059,0,1,0
6469,18.924,52.843,0,1,0
6470,2.235,447.427,1,0,0
6471,2.833,352.983,1,0,0
6472,2.215,451.467,1,0,0
6473,2.207,453.104,1,0,0
6474,6.030,165.837,1,0,0
6475,4.469,223.764,1,0,0
6476,5.296,188.822,1,0,0
6477,12.561,79.611,0,1,0
6478,3.066,326.158,1,0,0
6479,14.773,67.691,0,1,0
6480,4.457,224.366,1,0,0
6481,14.007,71.393,0,1,0
6482,2.198,454.959,1,0,0
6483,1.819,549.753,1,0,0
6484,2.273,439.947,1,0,0
6485,12.543,79.726,0,1,0
6486,2.398,417.014,1,0,0
6487,1.683,594.177,1,0,0
6488,3.078,324.886,1,0,0
6489,2.690,371.747,1,0,0
6490,3.133,319.183,1,0,0
6491,10.842,92.234,0,1,0
6492,2.834,352.858,1,0,0
6493,13.437,74.421,0,1,0
6494,3.582,279.174,1,0,0
6495,3.328,300.481,1,0,0
6496,3.812,262.329,1,0,0
6497,13.686,73.067,0,1,0
6498,2.603,384.172,1,0,0
6499,2.666,375.094,1,0,0
6500,14.641,68.301,0,1,0
6501,2.352,425.170,1,0,0
6502,2.456,407.166,1,0,0
6503,2.882,346.981,1,0,0
6504,18.348,54.502,0,1,0
6505,2.282,438.212,1,0,0
6506,2.313,432.339,1,0,0
6507,2.550,392.157,1,0,0
6508,16.371,61.084,0,1,0
6509,1.979,505.306,1,0,0
6510,4.240,235.849,1,0,0
6511,16.974,58.914,0,1,0
6512,13.523,73.948,0,1,0
6513,2.951,338.868,1,0,0
6514,3.009,332.336,1,0,0
6515,3.234,309.215,1,0,0
6516,14.907,67.083,0,1,0
6517,16.650,60.060,0,1,0
6518,18.847,53.059,0,1,0
6519,17.183,58.197,0,1,0
6520,18.124,55.175,0,1,0
6521,4.503,222.074,1,0,0
6522,5.051,197.981,1,0,0
6523,14.352,69.677,0,1,0
6524,4.264,234.522,1,0,0
6525,2.729,366.435,1,0,0
6526,4.416,226.449,1,0,0
6527,20.302,49.256,0,1,0
6528,4.297,232.721,1,0,0
6529,3.092,323.415,1,0,0
6530,3.044,328.515,1,0,0
6531,4.960,201.613,1,0,0
6532,21.866,45.733,0,1,0
6533,3.219,310.655,1,0,0
6534,4.866,205.508,1,0,0
6535,21.220,47.125,0,1,0
6536,5.601,178.540,1,0,0
6537,4.829,207.082,1,0,0
6538,18.499,54.057,0,1,0
6539,17.388,57.511,0,1,0
6540,18.670,53.562,0,1,0
6541,15.452,64.717,0,1,0
6542,6.106,163.773,1,0,0
6543,2.399,416.840,1,0,0
6544,2.204,453.721,1,0,0
6545,2.808,356.125,1,0,0
6546,13.419,74.521,0,1,0
6547,13.264,75.392,0,1,0
6548,11.816,84.631,0,1,0
6549,12.278,81.446,0,1,0
6550,10.169,98.338,0,1,0
6551,8.698,114.969,0,1,0
6552,8.694,115.022,0,1,0
6553,12.866,77.724,0,1,0
6554,11.438,87.428,0,1,0
6555,2.787,358.809,1,0,0
6556,3.952,253.036,1,0,0
6557,2.744,364.431,1,0,0
6558,12.524,79.847,0,1,0
6559,2.242,446.030,1,0,0
6560,13.615,73.448,0,1,0
6561,2.481,403.063,1,0,0
6562,5.154,194.024,1,0,0
6563,14.477,69.075,0,1,0
6564,4.622,216.357,1,0,0
6565,6.040,165.563,1,0,0
6566,17.799,56.183,0,1,0
6567,4.946,202.184,1,0,0
6568,4.417,226.398,1,0,0
6569,3.245,308.166,1,0,0
6570,2.928,341.530,1,0,0
6571,3.242,308.452,1,0,0
6572,2.724,367.107,1,0,0
6573,11.355,88.067,0,1,0
6574,5.110,195.695,1,0,0
6575,19.456,51.398,0,1,0
6576,6.257,159.821,1,0,0
6577,5.728,174.581,1,0,0
6578,5.340,187.266,1,0,0
6579,6.967,143.534,1,0,0
6580,20.155,49.615,0,1,0
6581,4.419,226.296,1,0,0
6582,3.323,300.933,1,0,0
6583,17.871,55.957,0,1,0
6584,4.165,240.096,1,0,0
6585,3.345,298.954,1,0,0
6586,16.663,60.013,0,1,0
6587,14.985,66.733,0,1,0
6588,17.397,57.481,0,1,0
6589,3.763,265.745,1,0,0
6590,3.329,300.391,1,0,0
6591,13.842,72.244,0,1,0
6592,14.285,70.004,0,1,0
6593,14.383,69.527,0,1,0
6594,3.189,313.578,1,0,0
6595,3.055,327.332,1,0,0
6596,4.478,223.314,1,0,0
6597,2.356,424.448,1,0,0
6598,10.879,91.920,0,1,0
6599,2.042,489.716,1,0,0
6600,2.170,460.829,1,0,0
6601,1.661,602.047,1,0,0
6602,12.609,79.308,0,1,0
6603,1.893,528.262,1,0,0
6604,12.871,77.694,0,1,0
6605,11.620,86.059,0,1,0
6606,6.354,157.381,1,0,0
6607,7.828,127.747,1,0,0
6608,11.177,89.469,1,0,0
6609,8.779,113.908,1,0,0
6610,6.757,147.995,0,1,0
6611,6.789,147.297,0,1,0
6612,6.387,156.568,0,1,0
6613,4.139,241.604,0,1,0
6614,4.691,213.174,0,1,0
6615,5.552,180.115,0,1,0
6616,4.896,204.248,0,1,0
6617,7.551,132.433,0,1,0
6618,10.424,95.932,0,1,0
6619,11.432,87.474,0,1,0
6620,11.139,89.775,0,1,0
6621,11.026,90.695,0,1,0
6622,4.963,201.491,1,0,0
6623,15.777,63.383,0,1,0
6624,4.587,218.007,1,0,0
6625,2.983,335.233,1,0,0
6626,2.531,395.101,1,0,0
6627,9.663,103.488,0,1,0
6628,2.944,339.674,1,0,0
6629,10.218,97.867,0,1,0
6630,1.703,587.199,1,0,0
6631,1.965,508.906,1,0,0
6632,3.511,284.819,1,0,0
6633,2.672,374.251,1,0,0
6634,5.644,177.179,1,0,0
6635,9.912,100.888,0,1,0
6636,10.832,92.319,0,1,0
6637,3.899,256.476,1,0,0
6638,12.293,81.347,0,1,0
6639,3.679,271.813,1,0,0
6640,2.327,429.738,1,0,0
6641,13.572,73.681,0,1,0
6642,1.879,532.198,1,0,0
6643,8.086,123.671,0,1,0
6644,4.093,244.320,1,0,0
6645,12.940,77.280,0,1,0
6646,12.978,77.053,0,1,0
6647,4.265,234.467,1,0,0
6648,5.169,193.461,1,0,0
6649,3.634,275.179,1,0,0
6650,6.819,146.649,0,1,0
6651,8.656,115.527,0,1,0
6652,2.948,339.213,1,0,0
6653,6.726,148.677,0,1,0
6654,9.029,110.754,0,1,0
6655,9.873,101.286,0,1,0
6656,11.144,89.734,0,1,0
6657,3.601,277.701,1,0,0
6658,3.591,278.474,1,0,0
6659,12.550,79.681,0,1,0
6660,2.908,343.879,1,0,0
6661,2.460,406.504,1,0,0
6662,2.064,484.496,1,0,0
6663,12.180,82.102,0,1,0
6664,2.934,340.832,1,0,0
6665,7.365,135.777,1,0,0
6666,15.873,63.000,0,1,0
6667,3.544,282.167,1,0,0
6668,2.812,355.619,1,0,0
6669,9.627,103.875,0,1,0
6670,4.023,248.571,1,0,0
6671,4.109,243.368,1,0,0
6672,4.048,247.036,1,0,0
6673,8.162,122.519,0,1,0
6674,3.021,331.016,1,0,0
6675,2.690,371.747,1,0,0
6676,6.903,144.865,0,1,0
6677,1.983,504.286,1,0,0
6678,7.756,128.932,0,1,0
6679,2.148,465.549,1,0,0
6680,5.919,168.947,1,0,0
6681,12.675,78.895,0,1,0
6682,4.918,203.335,1,0,0
6683,3.079,324.781,1,0,0
6684,11.140,89.767,0,1,0
6685,4.661,214.546,1,0,0
6686,10.713,93.345,0,1,0
6687,4.771,209.600,1,0,0
6688,3.675,272.109,1,0,0
6689,7.412,134.916,0,1,0
6690,3.049,327.976,1,0,0
6691,3.597,278.009,1,0,0
6692,3.784,264.271,1,0,0
6693,3.036,329.381,1,0,0
6694,8.582,116.523,0,1,0
6695,1.928,518.672,1,0,0
6696,13.008,76.876,0,1,0
6697,2.955,338.409,1,0,0
6698,14.739,67.847,0,1,0
6699,13.225,75.614,0,1,0
6700,16.286,61.402,0,1,0
6701,20.043,49.893,0,1,0
6702,20.051,49.873,0,1,0
6703,17.740,56.370,0,1,0
6704,23.431,42.679,0,1,0
6705,22.827,43.808,0,1,0
6706,22.580,44.287,0,1,0
6707,22.465,44.514,0,1,0
6708,20.414,48.986,0,1,0
6709,19.103,52.348,0,1,0
6710,19.864,50.342,0,1,0
6711,20.951,47.730,0,1,0
6712,22.151,45.145,0,1,0
6713,21.266,47.023,0,1,0
6714,19.293,51.832,0,1,0
6715,18.281,54.702,0,1,0
6716,15.640,63.939,0,1,0
6717,14.469,69.113,0,1,0
6718,14.431,69.295,0,1,0
6719,15.838,63.139,0,1,0
6720,13.966,71.602,0,1,0
6721,11.756,85.063,0,1,0
6722,12.934,77.316,0,1,0
6723,13.675,73.126,0,1,0
6724,14.402,69.435,0,1,0
6725,16.337,61.211,0,1,0
6726,15.288,65.411,0,1,0
6727,3.029,330.142,1,0,0
6728,14.728,67.898,0,1,0
6729,4.662,214.500,1,0,0
6730,4.718,211.954,1,0,0
6731,5.866,170.474,1,0,0
6732,4.468,223.814,1,0,0
6733,4.288,233.209,1,0,0
6734,21.347,46.845,0,1,0
6735,3.586,278.862,1,0,0
6736,16.535,60.478,0,1,0
6737,3.529,283.366,1,0,0
6738,5.196,192.456,1,0,0
6739,17.819,56.120,0,1,0
6740,5.170,193.424,1,0,0
6741,3.970,251.889,1,0,0
6742,16.785,59.577,0,1,0
6743,3.540,282.486,1,0,0
6744,3.104,322.165,1,0,0
6745,2.920,342.466,1,0,0
6746,5.351,186.881,1,0,0
6747,6.196,161.394,1,0,0
6748,14.611,68.442,0,1,0
6749,4.695,212.993,1,0,0
6750,4.692,213.129,1,0,0
6751,15.192,65.824,0,1,0
6752,14.116,70.842,0,1,0
6753,3.673,272.257,1,0,0
6754,3.411,293.169,1,0,0
6755,3.917,255.297,1,0,0
6756,11.710,85.397,0,1,0
6757,13.501,74.069,0,1,0
6758,4.405,227.015,1,0,0
6759,3.882,257.599,1,0,0
6760,4.288,233.209,1,0,0
6761,1.929,518.403,1,0,0
6762,2.163,462.321,1,0,0
6763,4.758,210.172,1,0,0
6764,12.991,76.976,0,1,0
6765,3.568,280.269,1,0,0
6766,13.030,76.746,0,1,0
6767,8.602,116.252,1,0,0
6768,10.066,99.344,1,0,0
6769,10.327,96.834,0,1,0
6770,8.475,117.994,0,1,0
6771,5.790,172.712,0,1,0
6772,8.967,111.520,0,1,0
6773,11.758,85.048,0,1,0
6774,13.109,76.283,0,1,0
6775,6.655,150.263,1,0,0
6776,17.247,57.981,0,1,0
6777,5.146,194.326,1,0,0
6778,16.192,61.759,0,1,0
6779,3.332,300.120,1,0,0
6780,4.178,239.349,1,0,0
6781,3.406,293.600,1,0,0
6782,12.699,78.746,0,1,0
6783,11.143,89.742,0,1,0
6784,12.186,82.061,0,1,0
6785,15.763,63.440,0,1,0
6786,12.887,77.598,0,1,0
6787,14.573,68.620,0,1,0
6788,15.703,63.682,0,1,0
6789,2.311,432.713,1,0,0
6790,2.156,463.822,1,0,0
6791,2.562,390.320,1,0,0
6792,2.679,373.274,1,0,0
6793,2.261,442.282,1,0,0
6794,13.209,75.706,0,1,0
6795,13.567,73.708,0,1,0
6796,12.067,82.871,0,1,0
6797,12.466,80.218,0,1,0
6798,11.831,84.524,0,1,0
6799,3.221,310.463,1,0,0
6800,3.533,283.046,1,0,0
6801,12.730,78.555,0,1,0
6802,2.943,339.789,1,0,0
6803,2.464,405.844,1,0,0
6804,12.955,77.190,0,1,0
6805,2.966,337.154,1,0,0
6806,12.139,82.379,0,1,0
6807,3.698,270.416,1,0,0
6808,3.904,256.148,1,0,0
6809,3.338,299.581,1,0,0
6810,2.939,340.252,1,0,0
6811,14.364,69.618,0,1,0
6812,15.258,65.539,0,1,0
6813,14.174,70.552,0,1,0
6814,14.458,69.166,0,1,0
6815,15.899,62.897,0,1,0
6816,17.974,55.636,0,1,0
6817,4.992,200.321,1,0,0
6818,23.110,43.271,0,1,0
6819,4.379,228.363,1,0,0
6820,3.804,262.881,1,0,0
6821,3.462,288.850,1,0,0
6822,3.236,309.023,1,0,0
6823,18.067,55.350,0,1,0
6824,18.605,53.749,0,1,0
6825,19.755,50.620,0,1,0
6826,17.032,58.713,0,1,0
6827,17.322,57.730,0,1,0
6828,17.028,58.727,0,1,0
6829,16.510,60.569,0,1,0
6830,16.854,59.333,0,1,0
6831,5.343,187.161,1,0,0
6832,4.558,219.394,1,0,0
6833,3.359,297.708,1,0,0
6834,3.313,301.841,1,0,0
6835,13.316,75.098,0,1,0
6836,2.886,346.500,1,0,0
6837,16.750,59.701,0,1,0
6838,2.854,350.385,1,0,0
6839,19.900,50.251,0,1,0
6840,3.452,289.687,1,0,0
6841,18.746,53.345,0,1,0
6842,19.149,52.222,0,1,0
6843,17.646,56.670,0,1,0
6844,16.041,62.340,0,1,0
6845,17.496,57.156,0,1,0
6846,19.332,51.728,0,1,0
6847,19.957,50.108,0,1,0
6848,17.637,56.699,0,1,0
6849,6.216,160.875,1,0,0
6850,4.139,241.604,1,0,0
6851,5.626,177.746,1,0,0
6852,4.418,226.347,1,0,0
6853,12.610,79.302,0,1,0
6854,2.821,354.484,1,0,0
6855,10.441,95.776,0,1,0
6856,2.641,378.644,1,0,0
6857,2.330,429.185,1,0,0
6858,11.590,86.281,0,1,0
6859,3.113,321.234,1,0,0
6860,16.912,59.130,0,1,0
6861,2.495,400.802,1,0,0
6862,3.334,299.940,1,0,0
6863,3.312,301.932,1,0,0
6864,11.712,85.383,0,1,0
6865,4.798,208.420,1,0,0
6866,12.120,82.508,0,1,0
6867,4.718,211.954,1,0,0
6868,3.480,287.356,1,0,0
6869,12.818,78.015,0,1,0
6870,3.458,289.184,1,0,0
6871,11.230,89.047,0,1,0
6872,4.422,226.142,1,0,0
6873,12.224,81.806,0,1,0
6874,12.724,78.592,0,1,0
6875,14.567,68.648,0,1,0
6876,5.552,180.115,1,0,0
6877,16.457,60.764,0,1,0
6878,19.819,50.457,0,1,0
6879,3.480,287.356,1,0,0
6880,3.576,279.642,1,0,0
6881,19.036,52.532,0,1,0
6882,4.726,211.595,1,0,0
6883,4.892,204.415,1,0,0
6884,4.472,223.614,1,0,0
6885,19.426,51.477,0,1,0
6886,18.714,53.436,0,1,0
6887,5.233,191.095,1,0,0
6888,4.791,208.725,1,0,0
6889,3.182,314.268,1,0,0
6890,3.615,276.625,1,0,0
6891,12.356,80.932,0,1,0
6892,14.040,71.225,0,1,0
6893,17.527,57.055,0,1,0
6894,18.409,54.321,0,1,0
6895,19.763,50.600,0,1,0
6896,17.974,55.636,0,1,0
6897,19.589,51.049,0,1,0
6898,24.485,40.841,0,1,0
6899,3.832,260.960,1,0,0
6900,2.839,352.237,1,0,0
6901,19.366,51.637,0,1,0
6902,3.408,293.427,1,0,0
6903,18.910,52.882,0,1,0
6904,3.214,311.139,1,0,0
6905,2.613,382.702,1,0,0
6906,3.415,292.826,1,0,0
6907,21.113,47.364,0,1,0
6908,5.105,195.886,1,0,0
6909,2.566,389.712,1,0,0
6910,3.567,280.348,1,0,0
6911,2.652,377.074,1,0,0
6912,18.621,53.703,0,1,0
6913,3.544,282.167,1,0,0
6914,17.252,57.964,0,1,0
6915,2.609,383.289,1,0,0
6916,18.139,55.130,0,1,0
6917,3.107,321.854,1,0,0
6918,3.847,259.943,1,0,0
6919,4.739,211.015,1,0,0
6920,5.280,189.394,1,0,0
6921,15.407,64.906,0,1,0
6922,3.701,270.197,1,0,0
6923,12.587,79.447,0,1,0
6924,2.860,349.650,1,0,0
6925,2.692,371.471,1,0,0
6926,3.110,321.543,1,0,0
6927,2.772,360.750,1,0,0
6928,3.022,330.907,1,0,0
6929,12.912,77.447,0,1,0
6930,2.769,361.141,1,0,0
6931,3.915,255.428,1,0,0
6932,3.970,251.889,1,0,0
6933,3.967,252.080,1,0,0
6934,15.248,65.582,0,1,0
6935,3.047,328.192,1,0,0
6936,3.163,316.156,1,0,0
6937,2.455,407.332,1,0,0
6938,3.665,272.851,1,0,0
6939,11.003,90.884,0,1,0
6940,13.329,75.024,0,1,0
6941,13.679,73.105,0,1,0
6942,14.355,69.662,0,1,0
6943,17.306,57.783,0,1,0
6944,17.850,56.022,0,1,0
6945,16.041,62.340,0,1,0
6946,5.090,196.464,1,0,0
6947,18.591,53.789,0,1,0
6948,4.055,246.609,1,0,0
6949,4.380,228.311,1,0,0
6950,4.312,231.911,1,0,0
6951,13.808,72.422,0,1,0
6952,3.295,303.490,1,0,0
6953,3.156,316.857,1,0,0
6954,4.362,229.253,1,0,0
6955,15.957,62.668,0,1,0
6956,13.847,72.218,0,1,0
6957,12.757,78.388,0,1,0
6958,4.187,238.834,1,0,0
6959,4.274,233.973,1,0,0
6960,10.928,91.508,0,1,0
6961,5.521,181.127,1,0,0
6962,13.677,73.115,0,1,0
6963,5.682,175.994,1,0,0
6964,4.906,203.832,1,0,0
6965,3.894,256.805,1,0,0
6966,10.405,96.108,0,1,0
6967,11.775,84.926,0,1,0
6968,3.119,320.616,1,0,0
6969,2.358,424.088,1,0,0
6970,3.311,302.024,1,0,0
6971,11.444,87.382,0,1,0
6972,11.441,87.405,0,1,0
6973,11.600,86.207,0,1,0
6974,16.415,60.920,0,1,0
6975,19.234,51.991,0,1,0
6976,16.891,59.203,0,1,0
6977,17.209,58.109,0,1,0
6978,18.160,55.066,0,1,0
6979,1.904,525.210,1,0,0
6980,2.135,468.384,1,0,0
6981,2.321,430.849,1,0,0
6982,17.263,57.927,0,1,0
6983,17.360,57.604,0,1,0
6984,19.250,51.948,0,1,0
6985,17.663,56.616,0,1,0
6986,3.165,315.956,1,0,0
6987,3.537,282.725,1,0,0
6988,2.892,345.781,1,0,0
6989,2.654,376.790,1,0,0
6990,2.663,375.516,1,0,0
6991,3.362,297.442,1,0,0
6992,13.418,74.527,0,1,0
6993,2.338,427.716,1,0,0
6994,14.579,68.592,0,1,0
6995,4.129,242.189,1,0,0
6996,3.710,269.542,1,0,0
6997,14.641,68.301,0,1,0
6998,4.084,244.858,1,0,0
6999,10.751,93.015,0,1,0
7000,10.166,98.367,0,1,0
7001,9.147,109.325,0,1,0
7002,14.535,68.799,0,1,0
7003,13.926,71.808,0,1,0
7004,14.195,70.447,0,1,0
7005,13.114,76.254,0,1,0
7006,13.914,71.870,0,1,0
7007,13.510,74.019,0,1,0
7008,13.520,73.964,0,1,0
7009,4.343,230.256,1,0,0
7010,5.366,186.359,1,0,0
7011,18.508,54.031,0,1,0
7012,13.609,73.481,0,1,0
7013,15.222,65.694,0,1,0
7014,16.132,61.989,0,1,0
7015,16.651,60.056,0,1,0
7016,13.839,72.260,0,1,0
7017,14.946,66.908,0,1,0
7018,13.552,73.790,0,1,0
7019,16.097,62.123,0,1,0
7020,15.041,66.485,0,1,0
7021,19.477,51.343,0,1,0
7022,19.241,51.972,0,1,0
7023,18.833,53.098,0,1,0
7024,20.583,48.584,0,1,0
7025,20.340,49.164,0,1,0
7026,19.552,51.146,0,1,0
7027,2.503,399.521,1,0,0
7028,18.529,53.969,0,1,0
7029,2.376,420.875,1,0,0
7030,2.284,437.828,1,0,0
7031,2.260,442.478,1,0,0
7032,2.239,446.628,1,0,0
7033,2.712,368.732,1,0,0
7034,15.477,64.612,0,1,0
7035,13.193,75.798,0,1,0
7036,13.418,74.527,0,1,0
7037,13.233,75.569,0,1,0
7038,12.302,81.288,0,1,0
7039,11.962,83.598,0,1,0
7040,10.194,98.097,0,1,0
7041,12.370,80.841,0,1,0
7042,11.643,85.889,0,1,0
7043,11.692,85.529,0,1,0
7044,4.898,204.165,1,0,0
7045,13.988,71.490,0,1,0
7046,13.386,74.705,0,1,0
7047,13.496,74.096,0,1,0
7048,4.739,211.015,1,0,0
7049,4.774,209.468,1,0,0
7050,13.849,72.207,0,1,0
7051,3.204,312.110,1,0,0
7052,15.044,66.472,0,1,0
7053,2.414,414.250,1,0,0
7054,2.869,348.554,1,0,0
7055,2.717,368.053,1,0,0
7056,12.264,81.539,0,1,0
7057,4.500,222.222,1,0,0
7058,4.079,245.158,1,0,0
7059,4.440,225.225,1,0,0
7060,10.985,91.033,0,1,0
7061,3.664,272.926,1,0,0
7062,3.907,255.951,1,0,0
7063,11.146,89.718,0,1,0
7064,5.042,198.334,1,0,0
7065,12.384,80.749,0,1,0
7066,4.430,225.734,1,0,0
7067,11.295,88.535,0,1,0
7068,11.990,83.403,0,1,0
7069,12.232,81.753,0,1,0
7070,11.703,85.448,0,1,0
7071,12.809,78.070,0,1,0
7072,12.256,81.593,0,1,0
7073,13.902,71.932,0,1,0
7074,13.894,71.974,0,1,0
7075,16.104,62.096,0,1,0
7076,17.022,58.748,0,1,0
7077,14.689,68.078,0,1,0
7078,14.137,70.736,0,1,0
7079,14.273,70.062,0,1,0
7080,13.267,75.375,0,1,0
7081,14.703,68.013,0,1,0
7082,2.664,375.375,1,0,0
7083,3.165,315.956,1,0,0
7084,13.980,71.531,0,1,0
7085,2.384,419.463,1,0,0
7086,12.154,82.277,0,1,0
7087,3.450,289.855,1,0,0
7088,2.560,390.625,1,0,0
7089,13.604,73.508,0,1,0
7090,13.089,76.400,0,1,0
7091,11.989,83.410,0,1,0
7092,5.033,198.689,1,0,0
7093,17.188,58.180,0,1,0
7094,3.387,295.247,1,0,0
7095,13.435,74.432,0,1,0
7096,12.145,82.338,0,1,0
7097,11.387,87.819,0,1,0
7098,5.296,188.822,1,0,0
7099,3.675,272.109,1,0,0
7100,4.832,206.954,1,0,0
7101,10.104,98.971,0,1,0
7102,5.184,192.901,1,0,0
7103,13.336,74.985,0,1,0
7104,8.895,112.423,0,1,0
7105,2.995,333.890,1,0,0
7106,2.793,358.038,1,0,0
7107,12.190,82.034,0,1,0
7108,1.543,648.088,1,0,0
7109,2.165,461.894,1,0,0
7110,12.688,78.815,0,1,0
7111,4.667,214.270,1,0,0
7112,4.566,219.010,1,0,0
7113,20.288,49.290,0,1,0
7114,3.587,278.784,1,0,0
7115,2.970,336.700,1,0,0
7116,4.279,233.699,1,0,0
7117,20.301,49.259,0,1,0
7118,16.759,59.669,0,1,0
7119,16.398,60.983,0,1,0
7120,4.365,229.095,1,0,0
7121,3.604,277.469,1,0,0
7122,2.891,345.901,1,0,0
7123,2.552,391.850,1,0,0
7124,2.884,346.741,1,0,0
7125,2.386,419.111,1,0,0
7126,9.004,111.062,0,1,0
7127,2.794,357.910,1,0,0
7128,2.399,416.840,1,0,0
7129,9.441,105.921,0,1,0
7130,3.401,294.031,1,0,0
7131,13.701,72.987,0,1,0
7132,2.378,420.521,1,0,0
7133,11.127,89.871,0,1,0
7134,2.663,375.516,1,0,0
7135,2.686,372.301,1,0,0
7136,2.270,440.529,1,0,0
7137,1.692,591.017,1,0,0
7138,14.313,69.867,0,1,0
7139,16.807,59.499,0,1,0
7140,1.402,713.267,1,0,0
7141,1.463,683.527,1,0,0
7142,14.628,68.362,0,1,0
7143,15.301,65.355,0,1,0
7144,15.249,65.578,0,1,0
7145,14.265,70.102,0,1,0
7146,14.641,68.301,0,1,0
7147,13.458,74.305,0,1,0
7148,4.901,204.040,1,0,0
7149,15.956,62.672,0,1,0
7150,4.356,229.568,1,0,0
7151,3.874,258.131,1,0,0
7152,12.946,77.244,0,1,0
7153,10.297,97.116,0,1,0
7154,12.165,82.203,0,1,0
7155,10.424,95.932,0,1,0
7156,10.361,96.516,0,1,0
7157,8.583,116.509,1,0,0
7158,7.094,140.964,1,0,0
7159,13.433,74.444,0,1,0
7160,7.567,132.153,0,1,0
7161,8.654,115.554,0,1,0
7162,13.103,76.318,0,1,0
7163,12.216,81.860,0,1,0
7164,17.196,58.153,0,1,0
7165,22.062,45.327,0,1,0
7166,22.980,43.516,0,1,0
7167,24.608,40.637,0,1,0
7168,22.482,44.480,0,1,0
7169,21.591,46.316,0,1,0
7170,21.681,46.123,0,1,0
7171,21.470,46.577,0,1,0
7172,22.940,43.592,0,1,0
7173,23.939,41.773,0,1,0
7174,21.465,46.587,0,1,0
7175,5.581,179.179,1,0,0
7176,18.214,54.903,0,1,0
7177,4.109,243.368,1,0,0
7178,5.025,199.005,1,0,0
7179,4.545,220.022,1,0,0
7180,3.267,306.091,1,0,0
7181,11.501,86.949,0,1,0
7182,2.770,361.011,1,0,0
7183,3.262,306.560,1,0,0
7184,12.083,82.761,0,1,0
7185,2.473,404.367,1,0,0
7186,2.937,340.483,1,0,0
7187,14.206,70.393,0,1,0
7188,3.081,324.570,1,0,0
7189,1.955,511.509,1,0,0
7190,2.619,381.825,1,0,0
7191,12.799,78.131,0,1,0
7192,2.528,395.570,1,0,0
7193,2.243,445.831,1,0,0
7194,2.777,360.101,1,0,0
7195,4.152,240.848,1,0,0
7196,5.041,198.373,1,0,0
7197,18.281,54.702,0,1,0
7198,2.285,437.637,1,0,0
7199,14.889,67.164,0,1,0
7200,3.817,261.986,1,0,0
7201,18.128,55.163,0,1,0
7202,2.919,342.583,1,0,0
7203,2.805,356.506,1,0,0
7204,3.278,305.064,1,0,0
7205,3.415,292.826,1,0,0
7206,3.311,302.024,1,0,0
7207,3.014,331.785,1,0,0
7208,2.665,375.235,1,0,0
7209,3.730,268.097,1,0,0
7210,14.180,70.522,0,1,0
7211,14.986,66.729,0,1,0
7212,16.173,61.831,0,1,0
7213,15.118,66.146,0,1,0
7214,4.605,217.155,1,0,0
7215,6.006,166.500,1,0,0
7216,7.028,142.288,1,0,0
7217,4.610,216.920,1,0,0
7218,13.109,76.283,0,1,0
7219,13.780,72.569,0,1,0
7220,14.690,68.074,0,1,0
7221,15.269,65.492,0,1,0
7222,16.506,60.584,0,1,0
7223,12.817,78.021,0,1,0
7224,11.159,89.614,0,1,0
7225,12.837,77.900,0,1,0
7226,14.458,69.166,0,1,0
7227,14.955,66.867,0,1,0
7228,17.914,55.822,0,1,0
7229,16.541,60.456,0,1,0
7230,16.516,60.547,0,1,0
7231,16.817,59.464,0,1,0
7232,15.694,63.719,0,1,0
7233,18.050,55.402,0,1,0
7234,18.613,53.726,0,1,0
7235,16.386,61.028,0,1,0
7236,16.581,60.310,0,1,0
7237,18.431,54.256,0,1,0
7238,20.046,49.885,0,1,0
7239,20.371,49.089,0,1,0
7240,18.874,52.983,0,1,0
7241,19.839,50.406,0,1,0
7242,19.383,51.592,0,1,0
7243,14.670,68.166,0,1,0
7244,2.322,430.663,1,0,0
7245,14.152,70.661,0,1,0
7246,2.112,473.485,1,0,0
7247,2.519,396.983,1,0,0
7248,13.267,75.375,0,1,0
7249,2.432,411.184,1,0,0
7250,3.528,283.447,1,0,0
7251,17.945,55.726,0,1,0
7252,4.546,219.974,1,0,0
7253,1.643,608.643,1,0,0
7254,2.074,482.160,1,0,0
7255,14.222,70.314,0,1,0
7256,2.297,435.350,1,0,0
7257,13.640,73.314,0,1,0
7258,2.803,356.761,1,0,0
7259,14.652,68.250,0,1,0
7260,15.060,66.401,0,1,0
7261,3.015,331.675,1,0,0
7262,3.545,282.087,1,0,0
7263,12.241,81.693,0,1,0
7264,12.736,78.518,0,1,0
7265,2.401,416.493,1,0,0
7266,15.443,64.754,0,1,0
7267,2.497,400.481,1,0,0
7268,15.191,65.828,0,1,0
7269,2.220,450.450,1,0,0
7270,2.487,402.091,1,0,0
7271,2.193,455.996,1,0,0
7272,16.950,58.997,0,1,0
7273,2.122,471.254,1,0,0
7274,2.248,444.840,1,0,0
7275,2.252,444.050,1,0,0
7276,2.434,410.846,1,0,0
7277,3.547,281.928,1,0,0
7278,3.689,271.076,1,0,0
7279,12.583,79.472,0,1,0
7280,3.978,251.383,1,0,0
7281,12.627,79.195,0,1,0
7282,3.471,288.101,1,0,0
7283,4.066,245.942,1,0,0
7284,12.695,78.771,0,1,0
7285,4.485,222.965,1,0,0
7286,13.386,74.705,0,1,0
7287,4.041,247.463,1,0,0
7288,12.997,76.941,0,1,0
7289,4.527,220.897,1,0,0
7290,14.502,68.956,0,1,0
7291,2.780,359.712,1,0,0
7292,14.185,70.497,0,1,0
7293,2.874,347.947,1,0,0
7294,2.347,426.076,1,0,0
7295,16.894,59.193,0,1,0
7296,2.132,469.043,1,0,0
7297,16.503,60.595,0,1,0
7298,1.963,509.424,1,0,0
7299,3.930,254.453,1,0,0
7300,18.264,54.753,0,1,0
7301,4.083,244.918,1,0,0
7302,15.247,65.587,0,1,0
7303,3.763,265.745,1,0,0
7304,3.058,327.011,1,0,0
7305,17.705,56.481,0,1,0
7306,3.741,267.308,1,0,0
7307,18.497,54.063,0,1,0
7308,3.005,332.779,1,0,0
7309,3.213,311.236,1,0,0
7310,2.530,395.257,1,0,0
7311,12.462,80.244,0,1,0
7312,2.189,456.830,1,0,0
7313,12.124,82.481,0,1,0
7314,2.212,452.080,1,0,0
7315,2.465,405.680,1,0,0
7316,2.208,452.899,1,0,0
7317,14.007,71.393,0,1,0
7318,2.609,383.289,1,0,0
7319,2.444,409.165,1,0,0
7320,14.856,67.313,0,1,0
7321,2.837,352.485,1,0,0
7322,14.416,69.367,0,1,0
7323,4.675,213.904,1,0,0
7324,14.172,70.562,0,1,0
7325,4.295,232.829,1,0,0
7326,13.207,75.717,0,1,0
7327,12.289,81.374,0,1,0
7328,14.430,69.300,0,1,0
7329,16.498,60.613,0,1,0
7330,15.565,64.247,0,1,0
7331,14.550,68.729,0,1,0
7332,15.275,65.466,0,1,0
7333,18.578,53.827,0,1,0
7334,22.035,45.382,0,1,0
7335,22.222,45.000,0,1,0
7336,20.863,47.932,0,1,0
7337,20.724,48.253,0,1,0
7338,18.786,53.231,0,1,0
7339,16.735,59.755,0,1,0
7340,4.981,200.763,1,0,0
7341,4.732,211.327,1,0,0
7342,19.723,50.702,0,1,0
7343,15.135,66.072,0,1,0
7344,15.749,63.496,0,1,0
7345,16.812,59.481,0,1,0
7346,17.006,58.803,0,1,0
7347,17.969,55.651,0,1,0
7348,18.875,52.980,0,1,0
7349,17.711,56.462,0,1,0
7350,16.835,59.400,0,1,0
7351,17.550,56.980,0,1,0
7352,2.862,349.406,1,0,0
7353,3.431,291.460,1,0,0
7354,3.181,314.367,1,0,0
7355,5.122,195.236,1,0,0
7356,12.892,77.567,0,1,0
7357,3.933,254.259,1,0,0
7358,13.274,75.335,0,1,0
7359,2.659,376.081,1,0,0
7360,13.459,74.300,0,1,0
7361,13.822,72.348,0,1,0
7362,14.238,70.235,0,1,0
7363,16.281,61.421,0,1,0
7364,14.165,70.597,0,1,0
7365,15.649,63.902,0,1,0
7366,16.169,61.847,0,1,0
7367,3.924,254.842,1,0,0
7368,12.302,81.288,0,1,0
7369,13.310,75.131,0,1,0
7370,12.359,80.913,0,1,0
7371,13.594,73.562,0,1,0
7372,2.632,379.939,1,0,0
7373,11.226,89.079,0,1,0
7374,3.813,262.261,1,0,0
7375,4.667,214.270,1,0,0
7376,17.042,58.679,0,1,0
7377,4.911,203.625,1,0,0
7378,12.036,83.084,0,1,0
7379,3.539,282.566,1,0,0
7380,12.481,80.122,0,1,0
7381,14.519,68.875,0,1,0
7382,14.904,67.096,0,1,0
7383,4.349,229.938,1,0,0
7384,15.311,65.313,0,1,0
7385,4.349,229.938,1,0,0
7386,15.385,64.998,0,1,0
7387,14.690,68.074,0,1,0
7388,14.911,67.065,0,1,0
7389,16.084,62.174,0,1,0
7390,12.804,78.101,0,1,0
7391,12.960,77.160,0,1,0
7392,15.002,66.658,0,1,0
7393,13.967,71.597,0,1,0
7394,15.317,65.287,0,1,0
7395,15.751,63.488,0,1,0
7396,14.795,67.590,0,1,0
7397,5.219,191.608,1,0,0
7398,2.132,469.043,1,0,0
7399,1.812,551.876,1,0,0
7400,1.521,657.462,1,0,0
7401,11.377,87.897,0,1,0
7402,2.000,500.000,1,0,0
7403,11.175,89.485,0,1,0
7404,2.209,452.694,1,0,0
7405,8.992,111.210,0,1,0
7406,2.187,457.247,1,0,0
7407,2.328,429.553,1,0,0
7408,3.454,289.519,1,0,0
7409,1.948,513.347,1,0,0
7410,9.707,103.018,0,1,0
7411,2.170,460.829,1,0,0
7412,2.402,416.320,1,0,0
7413,10.985,91.033,0,1,0
7414,5.027,198.926,1,0,0
7415,5.222,191.498,1,0,0
7416,15.358,65.113,0,1,0
7417,3.481,287.274,1,0,0
7418,21.571,46.359,0,1,0
7419,4.111,243.250,1,0,0
7420,14.778,67.668,0,1,0
7421,4.609,216.967,1,0,0
7422,15.229,65.664,0,1,0
7423,4.087,244.678,1,0,0
7424,13.438,74.416,0,1,0
7425,11.903,84.012,0,1,0
7426,9.893,101.082,0,1,0
7427,9.078,110.156,0,1,0
7428,2.172,460.405,1,0,0
7429,2.083,480.077,1,0,0
7430,7.173,139.412,0,1,0
7431,2.058,485.909,1,0,0
7432,1.562,640.205,1,0,0
7433,2.170,460.829,1,0,0
7434,13.333,75.002,0,1,0
7435,6.327,158.053,1,0,0
7436,4.857,205.888,1,0,0
7437,13.938,71.746,0,1,0
7438,5.189,192.715,1,0,0
7439,15.494,64.541,0,1,0
7440,4.796,208.507,1,0,0
7441,3.872,258.264,1,0,0
7442,4.564,219.106,1,0,0
7443,2.340,427.350,1,0,0
7444,11.202,89.270,0,1,0
7445,1.699,588.582,1,0,0
7446,3.713,269.324,1,0,0
7447,10.279,97.286,0,1,0
7448,2.908,343.879,1,0,0
7449,10.542,94.859,0,1,0
7450,10.864,92.047,0,1,0
7451,12.030,83.126,0,1,0
7452,12.616,79.264,0,1,0
7453,15.340,65.189,0,1,0
7454,14.288,69.989,0,1,0
7455,15.105,66.203,0,1,0
7456,14.693,68.060,0,1,0
7457,14.608,68.456,0,1,0
7458,14.174,70.552,0,1,0
7459,14.768,67.714,0,1,0
7460,14.470,69.109,0,1,0
7461,13.939,71.741,0,1,0
7462,12.261,81.559,0,1,0
7463,8.369,119.489,0,1,0
7464,11.072,90.318,0,1,0
7465,4.578,218.436,1,0,0
7466,5.712,175.070,1,0,0
7467,2.881,347.102,1,0,0
7468,11.848,84.402,0,1,0
7469,2.831,353.232,1,0,0
7470,2.680,373.134,1,0,0
7471,9.276,107.805,0,1,0
7472,2.773,360.620,1,0,0
7473,1.911,523.286,1,0,0
7474,2.673,374.111,1,0,0
7475,10.282,97.257,0,1,0
7476,2.078,481.232,1,0,0
7477,11.499,86.964,0,1,0
7478,14.330,69.784,0,1,0
7479,14.977,66.769,0,1,0
7480,7.244,138.045,1,0,0
7481,14.419,69.353,0,1,0
7482,2.176,459.559,1,0,0
7483,13.781,72.564,0,1,0
7484,1.501,666.223,1,0,0
7485,1.836,544.662,1,0,0
7486,14.916,67.042,0,1,0
7487,2.415,414.079,1,0,0
7488,3.021,331.016,1,0,0
7489,3.273,305.530,1,0,0
7490,2.741,364.830,1,0,0
7491,3.400,294.118,1,0,0
7492,2.369,422.119,1,0,0
7493,2.560,390.625,1,0,0
7494,11.943,83.731,0,1,0
7495,2.706,369.549,1,0,0
7496,13.553,73.784,0,1,0
7497,2.778,359.971,1,0,0
7498,1.593,627.746,1,0,0
7499,2.317,431.593,1,0,0
7500,11.740,85.179,0,1,0
7501,2.067,483.793,1,0,0
7502,13.165,75.959,0,1,0
7503,1.618,618.047,1,0,0
7504,1.925,519.481,1,0,0
7505,2.201,454.339,1,0,0
7506,15.507,64.487,0,1,0
7507,1.852,539.957,1,0,0
7508,2.074,482.160,1,0,0
7509,1.232,811.688,1,0,0
7510,1.534,651.890,1,0,0
7511,14.564,68.662,0,1,0
7512,1.524,656.168,1,0,0
7513,2.067,483.793,1,0,0
7514,2.233,447.828,1,0,0
7515,3.558,281.057,1,0,0
7516,2.634,379.651,1,0,0
7517,13.279,75.307,0,1,0
7518,2.131,469.263,1,0,0
7519,14.198,70.432,0,1,0
7520,1.963,509.424,1,0,0
7521,2.357,424.268,1,0,0
7522,13.053,76.611,0,1,0
7523,1.889,529.381,1,0,0
7524,3.843,260.213,1,0,0
7525,16.027,62.395,0,1,0
7526,11.766,84.991,0,1,0
7527,2.607,383.583,1,0,0
7528,2.179,458.926,1,0,0
7529,12.523,79.853,0,1,0
7530,11.952,83.668,0,1,0
7531,11.088,90.188,0,1,0
7532,14.947,66.903,0,1,0
7533,14.271,70.072,0,1,0
7534,19.403,51.538,0,1,0
7535,20.055,49.863,0,1,0
7536,2.024,494.071,1,0,0
7537,19.887,50.284,0,1,0
7538,21.871,45.723,0,1,0
7539,21.117,47.355,0,1,0
7540,23.173,43.154,0,1,0
7541,24.750,40.404,0,1,0
7542,29.235,34.206,0,1,0
7543,25.110,39.825,0,1,0
7544,25.552,39.136,0,1,0
7545,20.595,48.555,0,1,0
7546,19.000,52.632,0,1,0
7547,15.450,64.725,0,1,0
7548,3.878,257.865,1,0,0
7549,2.405,415.800,1,0,0
7550,4.647,215.193,1,0,0
7551,2.149,465.333,1,0,0
7552,2.174,459.982,1,0,0
7553,14.634,68.334,0,1,0
7554,2.017,495.786,1,0,0
7555,13.524,73.943,0,1,0
7556,3.502,285.551,1,0,0
7557,12.806,78.088,0,1,0
7558,12.541,79.738,0,1,0
7559,12.597,79.384,0,1,0
7560,16.276,61.440,0,1,0
7561,15.703,63.682,0,1,0
7562,19.227,52.010,0,1,0
7563,18.835,53.093,0,1,0
7564,16.091,62.147,0,1,0
7565,10.422,95.951,0,1,0
7566,2.467,405.351,1,0,0
7567,2.977,335.909,1,0,0
7568,10.711,93.362,0,1,0
7569,11.703,85.448,0,1,0
7570,3.426,291.886,1,0,0
7571,13.062,76.558,0,1,0
7572,5.192,192.604,1,0,0
7573,5.097,196.194,1,0,0
7574,14.603,68.479,0,1,0
7575,2.909,343.761,1,0,0
7576,4.593,217.723,1,0,0
7577,3.782,264.410,1,0,0
7578,10.614,94.215,0,1,0
7579,3.504,285.388,1,0,0
7580,2.272,440.141,1,0,0
7581,9.266,107.921,0,1,0
7582,2.831,353.232,1,0,0
7583,12.752,78.419,0,1,0
7584,2.674,373.972,1,0,0
7585,15.985,62.559,0,1,0
7586,3.493,286.287,1,0,0
7587,2.193,455.996,1,0,0
7588,4.174,239.578,1,0,0
7589,17.840,56.054,0,1,0
7590,3.561,280.820,1,0,0
7591,3.660,273.224,1,0,0
7592,17.831,56.082,0,1,0
7593,4.454,224.517,1,0,0
7594,3.305,302.572,1,0,0
7595,3.458,289.184,1,0,0
7596,5.008,199.681,1,0,0
7597,14.141,70.716,0,1,0
7598,13.155,76.017,0,1,0
7599,11.282,88.637,0,1,0
7600,10.850,92.166,0,1,0
7601,11.797,84.767,0,1,0
7602,12.205,81.934,0,1,0
7603,13.696,73.014,0,1,0
7604,12.198,81.981,0,1,0
7605,12.600,79.365,0,1,0
7606,13.091,76.388,0,1,0
7607,11.525,86.768,0,1,0
7608,12.928,77.351,0,1,0
7609,12.214,81.873,0,1,0
7610,12.861,77.754,0,1,0
7611,12.528,79.821,0,1,0
7612,15.815,63.231,0,1,0
7613,14.098,70.932,0,1,0
7614,15.824,63.195,0,1,0
7615,14.746,67.815,0,1,0
7616,12.874,77.676,0,1,0
7617,11.156,89.638,0,1,0
7618,11.432,87.474,0,1,0
7619,11.770,84.962,0,1,0
7620,3.615,276.625,1,0,0
7621,11.534,86.700,0,1,0
7622,2.965,337.268,1,0,0
7623,2.754,363.108,1,0,0
7624,2.208,452.899,1,0,0
7625,2.190,456.621,1,0,0
7626,3.114,321.130,1,0,0
7627,10.882,91.895,0,1,0
7628,11.249,88.897,0,1,0
7629,12.072,82.836,0,1,0
7630,11.861,84.310,0,1,0
7631,14.922,67.015,0,1,0
7632,18.804,53.180,0,1,0
7633,20.068,49.831,0,1,0
7634,3.859,259.134,1,0,0
7635,3.816,262.055,1,0,0
7636,3.974,251.636,1,0,0
7637,2.268,440.917,1,0,0
7638,1.861,537.346,1,0,0
7639,19.421,51.491,0,1,0
7640,4.125,242.424,1,0,0
7641,3.057,327.118,1,0,0
7642,2.141,467.071,1,0,0
7643,21.032,47.547,0,1,0
7644,2.502,399.680,1,0,0
7645,1.599,625.391,1,0,0
7646,2.088,478.927,1,0,0
7647,16.170,61.843,0,1,0
7648,2.277,439.174,1,0,0
7649,17.571,56.912,0,1,0
7650,5.920,168.919,1,0,0
7651,4.728,211.506,1,0,0
7652,17.883,55.919,0,1,0
7653,4.113,243.132,1,0,0
7654,4.400,227.273,1,0,0
7655,14.500,68.966,0,1,0
7656,2.390,418.410,1,0,0
7657,14.793,67.600,0,1,0
7658,2.091,478.240,1,0,0
7659,14.170,70.572,0,1,0
7660,2.108,474.383,1,0,0
7661,2.079,481.000,1,0,0
7662,2.041,489.956,1,0,0
7663,15.109,66.186,0,1,0
7664,2.206,453.309,1,0,0
7665,2.598,384.911,1,0,0
7666,2.470,404.858,1,0,0
7667,12.612,79.290,0,1,0
7668,2.242,446.030,1,0,0
7669,2.749,363.769,1,0,0
7670,3.555,281.294,1,0,0
7671,3.416,292.740,1,0,0
7672,11.891,84.097,0,1,0
7673,12.668,78.939,0,1,0
7674,11.935,83.787,0,1,0
7675,13.349,74.912,0,1,0
7676,11.563,86.483,0,1,0
7677,12.347,80.991,0,1,0
7678,13.700,72.993,0,1,0
7679,12.299,81.307,0,1,0
7680,10.409,96.071,0,1,0
7681,2.994,334.001,1,0,0
7682,1.877,532.765,1,0,0
7683,3.823,261.575,1,0,0
7684,3.020,331.126,1,0,0
7685,12.792,78.174,0,1,0
7686,3.947,253.357,1,0,0
7687,11.228,89.063,0,1,0
7688,12.448,80.334,0,1,0
7689,4.018,248.880,1,0,0
7690,3.626,275.786,1,0,0
7691,4.337,230.574,1,0,0
7692,4.013,249.190,1,0,0
7693,6.360,157.233,1,0,0
7694,16.074,62.212,0,1,0
7695,15.455,64.704,0,1,0
7696,7.062,141.603,1,0,0
7697,5.000,200.000,1,0,0
7698,5.095,196.271,1,0,0
7699,3.729,268.168,1,0,0
7700,12.475,80.160,0,1,0
7701,3.022,330.907,1,0,0
7702,10.069,99.315,0,1,0
7703,2.900,344.828,1,0,0
7704,2.486,402.253,1,0,0
7705,11.228,89.063,0,1,0
7706,11.001,90.901,0,1,0
7707,10.653,93.870,0,1,0
7708,11.549,86.588,0,1,0
7709,12.278,81.446,0,1,0
7710,15.551,64.305,0,1,0
7711,11.699,85.477,0,1,0
7712,15.729,63.577,0,1,0
7713,14.476,69.080,0,1,0
7714,14.095,70.947,0,1,0
7715,14.315,69.857,0,1,0
7716,12.209,81.907,0,1,0
7717,11.363,88.005,0,1,0
7718,10.262,97.447,0,1,0
7719,11.753,85.085,0,1,0
7720,10.962,91.224,0,1,0
7721,10.829,92.345,0,1,0
7722,11.273,88.708,0,1,0
7723,3.238,308.833,1,0,0
7724,11.630,85.985,0,1,0
7725,3.692,270.856,1,0,0
7726,4.232,236.295,1,0,0
7727,12.794,78.162,0,1,0
7728,3.997,250.188,1,0,0
7729,12.907,77.477,0,1,0
7730,4.726,211.595,1,0,0
7731,2.347,426.076,1,0,0
7732,14.491,69.008,0,1,0
7733,4.968,201.288,1,0,0
7734,15.907,62.865,0,1,0
7735,4.527,220.897,1,0,0
7736,5.133,194.818,1,0,0
7737,14.075,71.048,0,1,0
7738,3.373,296.472,1,0,0
7739,17.280,57.870,0,1,0
7740,16.770,59.630,0,1,0
7741,3.409,293.341,1,0,0
7742,3.441,290.613,1,0,0
7743,2.628,380.518,1,0,0
7744,2.594,385.505,1,0,0
7745,2.613,382.702,1,0,0
7746,14.896,67.132,0,1,0
7747,14.098,70.932,0,1,0
7748,12.635,79.145,0,1,0
7749,12.930,77.340,0,1,0
7750,12.825,77.973,0,1,0
7751,12.068,82.864,0,1,0
7752,13.242,75.517,0,1,0
7753,13.644,73.292,0,1,0
7754,14.833,67.417,0,1,0
7755,14.534,68.804,0,1,0
7756,12.612,79.290,0,1,0
7757,12.700,78.740,0,1,0
7758,12.178,82.115,0,1,0
7759,9.876,101.256,0,1,0
7760,10.679,93.642,0,1,0
7761,13.176,75.896,0,1,0
7762,11.856,84.345,0,1,0
7763,12.612,79.290,0,1,0
7764,12.181,82.095,0,1,0
7765,13.294,75.222,0,1,0
7766,12.768,78.321,0,1,0
7767,14.341,69.730,0,1,0
7768,14.973,66.787,0,1,0
7769,16.657,60.035,0,1,0
7770,16.766,59.645,0,1,0
7771,16.547,60.434,0,1,0
7772,5.702,175.377,1,0,0
7773,4.299,232.612,1,0,0
7774,3.612,276.855,1,0,0
7775,2.637,379.219,1,0,0
7776,16.598,60.248,0,1,0
7777,3.541,282.406,1,0,0
7778,16.516,60.547,0,1,0
7779,17.321,57.733,0,1,0
7780,17.780,56.243,0,1,0
7781,17.017,58.765,0,1,0
7782,12.562,79.605,0,1,0
7783,12.738,78.505,0,1,0
7784,13.136,76.127,0,1,0
7785,14.520,68.871,0,1,0
7786,15.614,64.045,0,1,0
7787,13.734,72.812,0,1,0
7788,14.442,69.242,0,1,0
7789,17.328,57.710,0,1,0
7790,17.243,57.995,0,1,0
7791,18.157,55.075,0,1,0
7792,22.534,44.377,0,1,0
7793,21.339,46.863,0,1,0
7794,19.720,50.710,0,1,0
7795,20.017,49.958,0,1,0
7796,5.153,194.062,1,0,0
7797,3.287,304.229,1,0,0
7798,3.087,323.939,1,0,0
7799,3.361,297.530,1,0,0
7800,2.465,405.680,1,0,0
7801,16.306,61.327,0,1,0
7802,16.050,62.305,0,1,0
7803,16.698,59.887,0,1,0
7804,17.227,58.048,0,1,0
7805,16.440,60.827,0,1,0
7806,15.071,66.353,0,1,0
7807,14.957,66.858,0,1,0
7808,5.402,185.117,1,0,0
7809,17.538,57.019,0,1,0
7810,2.775,360.360,1,0,0
7811,2.483,402.739,1,0,0
7812,2.369,422.119,1,0,0
7813,16.208,61.698,0,1,0
7814,2.961,337.724,1,0,0
7815,4.052,246.792,1,0,0
7816,2.428,411.862,1,0,0
7817,12.359,80.913,0,1,0
7818,2.141,467.071,1,0,0
7819,13.170,75.930,0,1,0
7820,13.393,74.666,0,1,0
7821,13.731,72.828,0,1,0
7822,13.725,72.860,0,1,0
7823,14.549,68.733,0,1,0
7824,13.774,72.601,0,1,0
7825,14.513,68.904,0,1,0
7826,14.430,69.300,0,1,0
7827,12.404,80.619,0,1,0
7828,14.775,67.682,0,1,0
7829,4.588,217.960,1,0,0
7830,16.483,60.669,0,1,0
7831,3.972,251.762,1,0,0
7832,17.546,56.993,0,1,0
7833,15.282,65.436,0,1,0
7834,2.542,393.391,1,0,0
7835,2.478,403.551,1,0,0
7836,16.720,59.809,0,1,0
7837,2.931,341.180,1,0,0
7838,3.031,329.924,1,0,0
7839,2.355,424.628,1,0,0
7840,2.237,447.027,1,0,0
7841,17.907,55.844,0,1,0
7842,1.575,634.921,1,0,0
7843,1.938,515.996,1,0,0
7844,1.846,541.712,1,0,0
7845,2.191,456.413,1,0,0
7846,1.654,604.595,1,0,0
7847,15.882,62.964,0,1,0
7848,1.847,541.419,1,0,0
7849,1.373,728.332,1,0,0
7850,1.114,897.666,1,0,0
7851,1.025,975.610,1,0,0
7852,1.528,654.450,1,0,0
7853,1.453,688.231,1,0,0
7854,3.323,300.933,1,0,0
7855,18.366,54.448,0,1,0
7856,3.077,324.992,1,0,0
7857,5.304,188.537,1,0,0
7858,4.883,204.792,1,0,0
7859,2.957,338.181,1,0,0
7860,19.705,50.749,0,1,0
7861,20.066,49.836,0,1,0
7862,19.548,51.156,0,1,0
7863,2.293,436.110,1,0,0
7864,2.255,443.459,1,0,0
7865,2.875,347.826,1,0,0
7866,19.134,52.263,0,1,0
7867,20.274,49.324,0,1,0
7868,15.642,63.930,0,1,0
7869,3.811,262.398,1,0,0
7870,2.799,357.270,1,0,0
7871,2.686,372.301,1,0,0
7872,15.152,65.998,0,1,0
7873,3.202,312.305,1,0,0
7874,3.816,262.055,1,0,0
7875,3.495,286.123,1,0,0
7876,15.424,64.834,0,1,0
7877,18.011,55.522,0,1,0
7878,2.773,360.620,1,0,0
7879,18.568,53.856,0,1,0
7880,2.344,426.621,1,0,0
7881,2.360,423.729,1,0,0
7882,16.811,59.485,0,1,0
7883,2.290,436.681,1,0,0
7884,2.148,465.549,1,0,0
7885,2.679,373.274,1,0,0
7886,15.574,64.210,0,1,0
7887,2.260,442.478,1,0,0
7888,17.317,57.747,0,1,0
7889,16.699,59.884,0,1,0
7890,22.428,44.587,0,1,0
7891,19.490,51.308,0,1,0
7892,15.120,66.138,0,1,0
7893,14.795,67.590,0,1,0
7894,16.200,61.728,0,1,0
7895,16.355,61.143,0,1,0
7896,16.743,59.726,0,1,0
7897,16.542,60.452,0,1,0
7898,17.844,56.041,0,1,0
7899,17.885,55.913,0,1,0
7900,14.517,68.885,0,1,0
7901,13.971,71.577,0,1,0
7902,14.317,69.847,0,1,0
7903,16.305,61.331,0,1,0
7904,16.105,62.093,0,1,0
7905,14.656,68.231,0,1,0
7906,15.174,65.902,0,1,0
7907,14.860,67.295,0,1,0
7908,10.385,96.293,0,1,0
7909,11.065,90.375,0,1,0
7910,10.162,98.406,0,1,0
7911,1.962,509.684,1,0,0
7912,11.020,90.744,0,1,0
7913,2.256,443.262,1,0,0
7914,3.679,271.813,1,0,0
7915,10.650,93.897,0,1,0
7916,2.735,365.631,1,0,0
7917,2.989,334.560,1,0,0
7918,10.213,97.914,0,1,0
7919,2.262,442.087,1,0,0
7920,2.032,492.126,1,0,0
7921,5.772,173.250,1,0,0
7922,13.077,76.470,0,1,0
7923,2.327,429.738,1,0,0
7924,4.055,246.609,1,0,0
7925,9.878,101.235,0,1,0
7926,4.365,229.095,1,0,0
7927,3.468,288.351,1,0,0
7928,4.264,234.522,1,0,0
7929,3.050,327.869,1,0,0
7930,4.964,201.450,1,0,0
7931,11.610,86.133,0,1,0
7932,5.337,187.371,1,0,0
7933,4.397,227.428,1,0,0
7934,10.264,97.428,0,1,0
7935,4.900,204.082,1,0,0
7936,10.315,96.946,0,1,0
7937,3.858,259.202,1,0,0
7938,5.127,195.046,1,0,0
7939,19.372,51.621,0,1,0
7940,3.956,252.781,1,0,0
7941,3.203,312.207,1,0,0
7942,3.451,289.771,1,0,0
7943,16.424,60.887,0,1,0
7944,2.436,410.509,1,0,0
7945,4.914,203.500,1,0,0
7946,8.157,122.594,1,0,0
7947,6.385,156.617,1,0,0
7948,6.284,159.134,1,0,0
7949,7.075,141.343,0,1,0
7950,3.153,317.158,1,0,0
7951,2.848,351.124,1,0,0
7952,4.101,243.843,1,0,0
7953,9.392,106.474,0,1,0
7954,10.018,99.820,0,1,0
7955,11.894,84.076,0,1,0
7956,3.756,266.241,1,0,0
7957,3.315,301.659,1,0,0
7958,3.483,287.109,1,0,0
7959,10.426,95.914,0,1,0
7960,3.128,319.693,1,0,0
7961,9.737,102.701,0,1,0
7962,3.688,271.150,1,0,0
7963,3.517,284.333,1,0,0
7964,2.883,346.861,1,0,0
7965,7.863,127.178,0,1,0
7966,1.851,540.249,1,0,0
7967,2.938,340.368,1,0,0
7968,1.667,599.880,1,0,0
7969,7.977,125.360,0,1,0
7970,3.808,262.605,1,0,0
7971,8.517,117.412,0,1,0
7972,9.694,103.157,0,1,0
7973,10.977,91.100,0,1,0
7974,10.722,93.266,0,1,0
7975,2.956,338.295,1,0,0
7976,3.678,271.887,1,0,0
7977,2.732,366.032,1,0,0
7978,13.236,75.552,0,1,0
7979,3.893,256.871,1,0,0
7980,12.961,77.155,0,1,0
7981,3.791,263.783,1,0,0
7982,11.848,84.402,0,1,0
7983,2.545,392.927,1,0,0
7984,1.987,503.271,1,0,0
7985,9.770,102.354,0,1,0
7986,1.676,596.659,1,0,0
7987,1.643,608.643,1,0,0
7988,1.936,516.529,1,0,0
7989,7.394,135.245,0,1,0
7990,1.788,559.284,1,0,0
7991,5.653,176.897,0,1,0
7992,1.477,677.048,1,0,0
7993,5.888,169.837,0,1,0
7994,5.804,172.295,1,0,0
7995,7.223,138.447,0,1,0
7996,3.778,264.690,1,0,0
7997,3.719,268.889,1,0,0
7998,8.265,120.992,0,1,0
7999,3.853,259.538,1,0,0
8000,8.070,123.916,0,1,0
8001,2.418,413.565,1,0,0
8002,2.769,361.141,1,0,0
8003,1.797,556.483,1,0,0
8004,1.929,518.403,1,0,0
8005,2.661,375.799,1,0,0
8006,6.263,159.668,0,1,0
8007,2.150,465.116,1,0,0
8008,1.939,515.730,1,0,0
8009,2.422,412.882,1,0,0
8010,10.642,93.967,0,1,0
8011,2.162,462.535,1,0,0
8012,10.519,95.066,0,1,0
8013,10.341,96.702,0,1,0
8014,2.553,391.696,1,0,0
8015,10.565,94.652,0,1,0
8016,2.927,341.647,1,0,0
8017,2.782,359.454,1,0,0
8018,4.001,249.938,1,0,0
8019,4.088,244.618,1,0,0
8020,3.914,255.493,1,0,0
8021,11.844,84.431,0,1,0
8022,11.233,89.023,0,1,0
8023,12.772,78.296,0,1,0
8024,3.595,278.164,1,0,0
8025,3.436,291.036,1,0,0
8026,4.333,230.787,1,0,0
8027,13.871,72.093,0,1,0
8028,3.621,276.167,1,0,0
8029,11.471,87.176,0,1,0
8030,15.115,66.159,0,1,0
8031,13.610,73.475,0,1,0
8032,14.882,67.195,0,1,0
8033,12.243,81.679,0,1,0
8034,11.780,84.890,0,1,0
8035,11.937,83.773,0,1,0
8036,12.541,79.738,0,1,0
8037,12.776,78.272,0,1,0
8038,13.080,76.453,0,1,0
8039,11.541,86.648,0,1,0
8040,12.137,82.393,0,1,0
8041,11.933,83.801,0,1,0
8042,11.535,86.693,0,1,0
8043,12.744,78.468,0,1,0
8044,2.160,462.963,1,0,0
8045,2.088,478.927,1,0,0
8046,2.583,387.147,1,0,0
8047,9.532,104.910,0,1,0
8048,2.136,468.165,1,0,0
8049,2.502,399.680,1,0,0
8050,4.429,225.785,1,0,0
8051,2.163,462.321,1,0,0
8052,9.902,100.990,0,1,0
8053,1.541,648.929,1,0,0
8054,1.407,710.732,1,0,0
8055,3.556,281.215,1,0,0
8056,14.353,69.672,0,1,0
8057,3.696,270.563,1,0,0
8058,2.624,381.098,1,0,0
8059,15.001,66.662,0,1,0
8060,12.601,79.359,0,1,0
8061,13.306,75.154,0,1,0
8062,14.240,70.225,0,1,0
8063,17.341,57.667,0,1,0
8064,16.604,60.226,0,1,0
8065,17.302,57.797,0,1,0
8066,17.382,57.531,0,1,0
8067,4.620,216.450,1,0,0
8068,5.052,197.941,1,0,0
8069,18.024,55.482,0,1,0
8070,3.838,260.552,1,0,0
8071,3.906,256.016,1,0,0
8072,19.353,51.672,0,1,0
8073,3.650,273.973,1,0,0
8074,3.612,276.855,1,0,0
8075,3.858,259.202,1,0,0
8076,4.168,239.923,1,0,0
8077,3.451,289.771,1,0,0
8078,3.899,256.476,1,0,0
8079,2.927,341.647,1,0,0
8080,3.378,296.033,1,0,0
8081,4.155,240.674,1,0,0
8082,20.257,49.366,0,1,0
8083,3.314,301.750,1,0,0
8084,3.642,274.574,1,0,0
8085,4.089,244.559,1,0,0
8086,16.021,62.418,0,1,0
8087,4.492,222.618,1,0,0
8088,14.456,69.175,0,1,0
8089,4.552,219.684,1,0,0
8090,5.120,195.312,1,0,0
8091,15.541,64.346,0,1,0
8092,3.193,313.185,1,0,0
8093,12.170,82.169,0,1,0
8094,11.419,87.573,0,1,0
8095,11.892,84.090,0,1,0
8096,12.175,82.136,0,1,0
8097,16.913,59.126,0,1,0
8098,17.349,57.640,0,1,0
8099,16.845,59.365,0,1,0
8100,17.632,56.715,0,1,0
8101,19.362,51.648,0,1,0
8102,18.921,52.851,0,1,0
8103,17.473,57.231,0,1,0
8104,16.801,59.520,0,1,0
8105,17.354,57.624,0,1,0
8106,16.678,59.959,0,1,0
8107,15.997,62.512,0,1,0
8108,16.633,60.121,0,1,0
8109,18.003,55.546,0,1,0
8110,19.505,51.269,0,1,0
8111,2.144,466.418,1,0,0
8112,1.534,651.890,1,0,0
8113,5.248,190.549,1,0,0
8114,22.409,44.625,0,1,0
8115,5.746,174.034,1,0,0
8116,9.504,105.219,1,0,0
8117,25.883,38.635,0,1,0
8118,16.193,61.755,0,1,0
8119,16.229,61.618,0,1,0
8120,20.595,48.555,0,1,0
8121,17.142,58.336,0,1,0
8122,18.384,54.395,0,1,0
8123,18.002,55.549,0,1,0
8124,19.801,50.502,0,1,0
8125,3.805,262.812,1,0,0
8126,2.148,465.549,1,0,0
8127,4.298,232.666,1,0,0
8128,20.046,49.885,0,1,0
8129,2.581,387.447,1,0,0
8130,18.732,53.385,0,1,0
8131,2.880,347.222,1,0,0
8132,2.708,369.276,1,0,0
8133,3.884,257.467,1,0,0
8134,18.148,55.102,0,1,0
8135,17.930,55.772,0,1,0
8136,3.450,289.855,1,0,0
8137,3.333,300.030,1,0,0
8138,3.961,252.461,1,0,0
8139,4.222,236.855,1,0,0
8140,21.383,46.766,0,1,0
8141,19.545,51.164,0,1,0
8142,21.418,46.690,0,1,0
8143,23.848,41.932,0,1,0
8144,22.162,45.122,0,1,0
8145,19.591,51.044,0,1,0
8146,17.983,55.608,0,1,0
8147,19.633,50.935,0,1,0
8148,19.965,50.088,0,1,0
8149,18.519,53.999,0,1,0
8150,18.138,55.133,0,1,0
8151,18.379,54.410,0,1,0
8152,15.295,65.381,0,1,0
8153,13.901,71.937,0,1,0
8154,14.522,68.861,0,1,0
8155,13.858,72.160,0,1,0
8156,15.474,64.625,0,1,0
8157,14.532,68.814,0,1,0
8158,15.353,65.134,0,1,0
8159,15.193,65.820,0,1,0
8160,11.881,84.168,0,1,0
8161,13.581,73.632,0,1,0
8162,13.802,72.453,0,1,0
8163,3.158,316.656,1,0,0
8164,16.003,62.488,0,1,0
8165,5.312,188.253,1,0,0
8166,13.746,72.748,0,1,0
8167,4.047,247.097,1,0,0
8168,13.489,74.134,0,1,0
8169,4.244,235.627,1,0,0
8170,14.368,69.599,0,1,0
8171,12.377,80.795,0,1,0
8172,13.219,75.649,0,1,0
8173,11.628,85.999,0,1,0
8174,9.435,105.988,0,1,0
8175,8.982,111.334,0,1,0
8176,9.703,103.061,0,1,0
8177,11.111,90.001,0,1,0
8178,12.795,78.156,0,1,0
8179,6.826,146.499,1,0,0
8180,4.666,214.316,1,0,0
8181,16.035,62.364,0,1,0
8182,3.660,273.224,1,0,0
8183,17.806,56.161,0,1,0
8184,4.577,218.484,1,0,0
8185,3.332,300.120,1,0,0
8186,15.659,63.861,0,1,0
8187,4.522,221.141,1,0,0
8188,15.792,63.323,0,1,0
8189,16.230,61.614,0,1,0
8190,15.436,64.784,0,1,0
8191,17.165,58.258,0,1,0
8192,17.793,56.202,0,1,0
8193,15.651,63.894,0,1,0
8194,16.901,59.168,0,1,0
8195,15.599,64.107,0,1,0
8196,10.761,92.928,0,1,0
8197,3.795,263.505,1,0,0
8198,4.919,203.293,1,0,0
8199,4.845,206.398,1,0,0
8200,3.790,263.852,1,0,0
8201,2.258,442.870,1,0,0
8202,1.978,505.561,1,0,0
8203,2.124,470.810,1,0,0
8204,2.728,366.569,1,0,0
8205,8.673,115.300,0,1,0
8206,1.616,618.812,1,0,0
8207,4.596,217.581,1,0,0
8208,5.254,190.331,1,0,0
8209,9.108,109.794,0,1,0
8210,3.000,333.333,1,0,0
8211,4.420,226.244,1,0,0
8212,9.953,100.472,0,1,0
8213,4.233,236.239,1,0,0
8214,5.474,182.682,1,0,0
8215,7.772,128.667,0,1,0
8216,1.998,500.501,1,0,0
8217,3.876,257.998,0,1,0
8218,1.855,539.084,1,0,0
8219,1.875,533.333,1,0,0
8220,4.889,204.541,0,1,0
8221,2.034,491.642,1,0,0
8222,1.480,675.676,1,0,0
8223,4.262,234.632,0,1,0
8224,3.262,306.560,1,0,0
8225,3.209,311.624,0,1,0
8226,3.998,250.125,1,0,0
8227,1.804,554.324,1,0,0
8228,4.083,244.918,0,1,0
8229,1.580,632.911,1,0,0
8230,4.100,243.902,0,1,0
8231,5.650,176.991,0,1,0
8232,13.309,75.137,0,1,0
8233,11.646,85.866,0,1,0
8234,14.686,68.092,0,1,0
8235,17.570,56.915,0,1,0
8236,17.412,57.432,0,1,0
8237,4.395,227.531,1,0,0
8238,18.549,53.911,0,1,0
8239,15.773,63.399,0,1,0
8240,15.625,64.000,0,1,0
8241,13.990,71.480,0,1,0
8242,12.970,77.101,0,1,0
8243,15.541,64.346,0,1,0
8244,16.153,61.908,0,1,0
8245,16.944,59.018,0,1,0
8246,18.488,54.089,0,1,0
8247,3.499,285.796,1,0,0
8248,4.187,238.834,1,0,0
8249,16.872,59.270,0,1,0
8250,17.318,57.743,0,1,0
8251,16.807,59.499,0,1,0
8252,17.904,55.853,0,1,0
8253,15.710,63.654,0,1,0
8254,16.751,59.698,0,1,0
8255,18.879,52.969,0,1,0
8256,4.427,225.887,1,0,0
8257,4.580,218.341,1,0,0
8258,14.285,70.004,0,1,0
8259,4.505,221.976,1,0,0
8260,4.355,229.621,1,0,0
8261,4.033,247.954,1,0,0
8262,4.616,216.638,1,0,0
8263,2.956,338.295,1,0,0
8264,2.017,495.786,1,0,0
8265,2.144,466.418,1,0,0
8266,4.314,231.803,1,0,0
8267,13.180,75.873,0,1,0
8268,4.403,227.118,1,0,0
8269,4.140,241.546,1,0,0
8270,14.488,69.023,0,1,0
8271,14.688,68.083,0,1,0
8272,14.797,67.581,0,1,0
8273,15.546,64.325,0,1,0
8274,15.168,65.928,0,1,0
8275,12.665,78.958,0,1,0
8276,14.464,69.137,0,1,0
8277,14.923,67.011,0,1,0
8278,14.514,68.899,0,1,0
8279,16.726,59.787,0,1,0
8280,16.915,59.119,0,1,0
8281,17.534,57.032,0,1,0
8282,17.239,58.008,0,1,0
8283,17.291,57.834,0,1,0
8284,18.901,52.907,0,1,0
8285,4.313,231.857,1,0,0
8286,3.303,302.755,1,0,0
8287,18.217,54.894,0,1,0
8288,2.796,357.654,1,0,0
8289,15.454,64.708,0,1,0
8290,2.869,348.554,1,0,0
8291,14.219,70.328,0,1,0
8292,14.104,70.902,0,1,0
8293,12.140,82.372,0,1,0
8294,12.641,79.108,0,1,0
8295,13.414,74.549,0,1,0
8296,2.877,347.584,1,0,0
8297,13.815,72.385,0,1,0
8298,2.164,462.107,1,0,0
8299,2.420,413.223,1,0,0
8300,4.058,246.427,1,0,0
8301,15.592,64.135,0,1,0
8302,4.190,238.663,1,0,0
8303,15.195,65.811,0,1,0
8304,4.212,237.417,1,0,0
8305,2.991,334.336,1,0,0
8306,14.876,67.222,0,1,0
8307,3.618,276.396,1,0,0
8308,3.163,316.156,1,0,0
8309,13.913,71.875,0,1,0
8310,4.536,220.459,1,0,0
8311,6.336,157.828,1,0,0
8312,14.689,68.078,0,1,0
8313,3.918,255.232,1,0,0
8314,3.564,280.584,1,0,0
8315,17.854,56.010,0,1,0
8316,6.753,148.082,1,0,0
8317,24.502,40.813,0,1,0
8318,5.864,170.532,1,0,0
8319,5.009,199.641,1,0,0
8320,21.619,46.256,0,1,0
8321,3.814,262.192,1,0,0
8322,19.203,52.075,0,1,0
8323,18.841,53.076,0,1,0
8324,19.802,50.500,0,1,0
8325,18.814,53.152,0,1,0
8326,19.374,51.616,0,1,0
8327,6.314,158.378,1,0,0
8328,20.644,48.440,0,1,0
8329,2.056,486.381,1,0,0
8330,1.812,551.876,1,0,0
8331,2.914,343.171,1,0,0
8332,12.556,79.643,0,1,0
8333,3.716,269.107,1,0,0
8334,22.715,44.024,0,1,0
8335,6.282,159.185,1,0,0
8336,18.013,55.515,1,0,0
8337,16.729,59.776,0,1,0
8338,16.010,62.461,1,0,0
8339,15.886,62.949,1,0,0
8340,18.507,54.034,0,1,0
8341,2.364,423.012,1,0,0
8342,18.450,54.201,0,1,0
8343,21.731,46.017,0,1,0
8344,19.920,50.201,0,1,0
8345,20.889,47.872,0,1,0
8346,4.637,215.657,1,0,0
8347,17.423,57.395,0,1,0
8348,3.485,286.944,1,0,0
8349,3.759,266.028,1,0,0
8350,3.642,274.574,1,0,0
8351,3.672,272.331,1,0,0
8352,16.853,59.337,0,1,0
8353,2.915,343.053,1,0,0
8354,2.345,426.439,1,0,0
8355,2.758,362.582,1,0,0
8356,5.564,179.727,1,0,0
8357,16.903,59.161,0,1,0
8358,4.067,245.881,1,0,0
8359,3.056,327.225,1,0,0
8360,5.733,174.429,1,0,0
8361,18.420,54.289,0,1,0
8362,3.087,323.939,1,0,0
8363,3.909,255.820,1,0,0
8364,17.065,58.599,0,1,0
8365,2.654,376.790,1,0,0
8366,1.581,632.511,1,0,0
8367,16.350,61.162,0,1,0
8368,2.529,395.413,1,0,0
8369,15.452,64.717,0,1,0
8370,1.962,509.684,1,0,0
8371,1.889,529.381,1,0,0
8372,2.827,353.732,1,0,0
8373,3.452,289.687,1,0,0
8374,4.639,215.564,1,0,0
8375,15.204,65.772,0,1,0
8376,4.116,242.954,1,0,0
8377,4.144,241.313,1,0,0
8378,3.809,262.536,1,0,0
8379,1.960,510.204,1,0,0
8380,15.067,66.370,0,1,0
8381,16.067,62.239,0,1,0
8382,16.015,62.441,0,1,0
8383,15.570,64.226,0,1,0
8384,13.575,73.665,0,1,0
8385,14.255,70.151,0,1,0
8386,14.624,68.381,0,1,0
8387,12.748,78.444,0,1,0
8388,13.458,74.305,0,1,0
8389,12.627,79.195,0,1,0
8390,14.013,71.362,0,1,0
8391,15.708,63.662,0,1,0
8392,15.800,63.291,0,1,0
8393,16.304,61.335,0,1,0
8394,17.720,56.433,0,1,0
8395,18.046,55.414,0,1,0
8396,20.767,48.153,0,1,0
8397,20.746,48.202,0,1,0
8398,1.713,583.771,1,0,0
8399,3.078,324.886,1,0,0
8400,5.132,194.856,1,0,0
8401,24.655,40.560,0,1,0
8402,4.560,219.298,1,0,0
8403,5.519,181.192,1,0,0
8404,19.304,51.803,0,1,0
8405,4.540,220.264,1,0,0
8406,14.943,66.921,0,1,0
8407,15.956,62.672,0,1,0
8408,15.912,62.846,0,1,0
8409,15.557,64.280,0,1,0
8410,17.045,58.668,0,1,0
8411,17.826,56.098,0,1,0
8412,4.496,222.420,1,0,0
8413,3.385,295.421,1,0,0
8414,23.605,42.364,0,1,0
8415,3.292,303.767,1,0,0
8416,3.976,251.509,1,0,0
8417,18.567,53.859,0,1,0
8418,5.065,197.433,1,0,0
8419,17.766,56.287,0,1,0
8420,3.695,270.636,1,0,0
8421,2.767,361.402,1,0,0
8422,18.822,53.129,0,1,0
8423,3.644,274.424,1,0,0
8424,2.758,362.582,1,0,0
8425,1.827,547.345,1,0,0
8426,13.383,74.722,0,1,0
8427,1.610,621.118,1,0,0
8428,13.281,75.296,0,1,0
8429,1.679,595.593,1,0,0
8430,2.496,400.641,1,0,0
8431,13.035,76.717,0,1,0
8432,12.489,80.070,0,1,0
8433,13.849,72.207,0,1,0
8434,13.408,74.582,0,1,0
8435,15.058,66.410,0,1,0
8436,15.115,66.159,0,1,0
8437,14.774,67.686,0,1,0
8438,13.855,72.176,0,1,0
8439,14.736,67.861,0,1,0
8440,15.481,64.595,0,1,0
8441,5.770,173.310,1,0,0
8442,21.375,46.784,0,1,0
8443,6.156,162.443,1,0,0
8444,2.940,340.136,1,0,0
8445,3.403,293.858,1,0,0
8446,19.029,52.551,0,1,0
8447,3.351,298.418,1,0,0
8448,19.222,52.024,0,1,0
8449,4.056,246.548,1,0,0
8450,3.767,265.463,1,0,0
8451,16.446,60.805,0,1,0
8452,4.488,222.816,1,0,0
8453,2.927,341.647,1,0,0
8454,12.557,79.637,0,1,0
8455,3.322,301.023,1,0,0
8456,3.235,309.119,1,0,0
8457,3.357,297.885,1,0,0
8458,2.941,340.020,1,0,0
8459,11.465,87.222,0,1,0
8460,3.310,302.115,1,0,0
8461,12.314,81.208,0,1,0
8462,3.397,294.377,1,0,0
8463,2.898,345.066,1,0,0
8464,12.182,82.088,0,1,0
8465,3.544,282.167,1,0,0
8466,13.628,73.378,0,1,0
8467,3.444,290.360,1,0,0
8468,4.025,248.447,1,0,0
8469,3.105,322.061,1,0,0
8470,2.808,356.125,1,0,0
8471,2.671,374.392,1,0,0
8472,18.102,55.243,0,1,0
8473,16.080,62.189,0,1,0
8474,18.102,55.243,0,1,0
8475,3.815,262.123,1,0,0
8476,2.256,443.262,1,0,0
8477,15.451,64.721,0,1,0
8478,3.195,312.989,1,0,0
8479,2.073,482.393,1,0,0
8480,2.631,380.084,1,0,0
8481,3.724,268.528,1,0,0
8482,11.557,86.528,0,1,0
8483,2.857,350.018,1,0,0
8484,3.089,323.729,1,0,0
8485,9.283,107.724,0,1,0
8486,3.517,284.333,1,0,0
8487,7.621,131.216,0,1,0
8488,2.858,349.895,1,0,0
8489,5.924,168.805,1,0,0
8490,8.346,119.818,0,1,0
8491,2.072,482.625,1,0,0
8492,11.336,88.215,0,1,0
8493,3.480,287.356,1,0,0
8494,2.656,376.506,1,0,0
8495,15.684,63.759,0,1,0
8496,1.730,578.035,1,0,0
8497,14.088,70.982,0,1,0
8498,3.506,285.225,1,0,0
8499,14.417,69.363,0,1,0
8500,4.469,223.764,1,0,0
8501,4.355,229.621,1,0,0
8502,12.496,80.026,0,1,0
8503,11.844,84.431,0,1,0
8504,3.600,277.778,1,0,0
8505,13.069,76.517,0,1,0
8506,3.226,309.981,1,0,0
8507,13.161,75.982,0,1,0
8508,3.473,287.936,1,0,0
8509,3.796,263.435,1,0,0
8510,12.285,81.400,0,1,0
8511,3.684,271.444,1,0,0
8512,12.010,83.264,0,1,0
8513,4.387,227.946,1,0,0
8514,10.150,98.522,0,1,0
8515,3.128,319.693,1,0,0
8516,4.372,228.728,1,0,0
8517,9.756,102.501,0,1,0
8518,2.548,392.465,1,0,0
8519,7.944,125.881,0,1,0
8520,10.307,97.021,0,1,0
8521,12.230,81.766,0,1,0
8522,11.263,88.786,0,1,0
8523,11.750,85.106,0,1,0
8524,10.057,99.433,0,1,0
8525,8.157,122.594,0,1,0
8526,10.326,96.843,0,1,0
8527,4.011,249.314,1,0,0
8528,4.562,219.202,1,0,0
8529,3.401,294.031,1,0,0
8530,4.103,243.724,1,0,0
8531,12.967,77.119,0,1,0
8532,2.777,360.101,1,0,0
8533,4.146,241.196,1,0,0
8534,3.588,278.707,1,0,0
8535,13.604,73.508,0,1,0
8536,13.522,73.954,0,1,0
8537,4.389,227.842,1,0,0
8538,14.785,67.636,0,1,0
8539,4.400,227.273,1,0,0
8540,17.004,58.810,0,1,0
8541,4.578,218.436,1,0,0
8542,15.941,62.731,0,1,0
8543,4.385,228.050,1,0,0
8544,3.958,252.653,1,0,0
8545,13.596,73.551,0,1,0
8546,12.400,80.645,0,1,0
8547,14.282,70.018,0,1,0
8548,14.327,69.798,0,1,0
8549,2.482,402.901,1,0,0
8550,14.805,67.545,0,1,0
8551,2.063,484.731,1,0,0
8552,15.197,65.802,0,1,0
8553,1.964,509.165,1,0,0
8554,2.095,477.327,1,0,0
8555,13.924,71.818,0,1,0
8556,2.176,459.559,1,0,0
8557,2.021,494.805,1,0,0
8558,12.975,77.071,0,1,0
8559,2.203,453.926,1,0,0
8560,1.903,525.486,1,0,0
8561,1.714,583.431,1,0,0
8562,11.251,88.881,0,1,0
8563,1.884,530.786,1,0,0
8564,4.341,230.362,1,0,0
8565,10.625,94.118,0,1,0
8566,3.521,284.010,1,0,0
8567,3.467,288.434,1,0,0
8568,2.727,366.703,1,0,0
8569,9.769,102.365,0,1,0
8570,10.794,92.644,0,1,0
8571,2.462,406.174,1,0,0
8572,2.850,350.877,1,0,0
8573,8.985,111.297,0,1,0
8574,5.170,193.424,1,0,0
8575,1.824,548.246,1,0,0
8576,7.489,133.529,0,1,0
8577,7.248,137.969,0,1,0
8578,8.187,122.145,0,1,0
8579,7.550,132.450,0,1,0
8580,8.291,120.613,0,1,0
8581,4.025,248.447,1,0,0
8582,11.234,89.015,0,1,0
8583,4.836,206.782,1,0,0
8584,10.917,91.600,0,1,0
8585,6.763,147.863,0,1,0
8586,7.313,136.743,0,1,0
8587,9.496,105.307,0,1,0
8588,10.237,97.685,0,1,0
8589,11.399,87.727,0,1,0
8590,13.561,73.741,0,1,0
8591,11.283,88.629,0,1,0
8592,12.134,82.413,0,1,0
8593,12.609,79.308,0,1,0
8594,14.628,68.362,0,1,0
8595,13.764,72.653,0,1,0
8596,14.072,71.063,0,1,0
8597,13.560,73.746,0,1,0
8598,13.815,72.385,0,1,0
8599,15.743,63.520,0,1,0
8600,14.476,69.080,0,1,0
8601,14.271,70.072,0,1,0
8602,14.594,68.521,0,1,0
8603,14.231,70.269,0,1,0
8604,13.932,71.777,0,1,0
8605,16.765,59.648,0,1,0
8606,16.635,60.114,0,1,0
8607,2.674,373.972,1,0,0
8608,2.625,380.952,1,0,0
8609,14.413,69.382,0,1,0
8610,3.727,268.312,1,0,0
8611,2.472,404.531,1,0,0
8612,14.562,68.672,0,1,0
8613,3.046,328.299,1,0,0
8614,2.274,439.754,1,0,0
8615,2.426,412.201,1,0,0
8616,13.904,71.922,0,1,0
8617,2.120,471.698,1,0,0
8618,1.738,575.374,1,0,0
8619,1.998,500.501,1,0,0
8620,13.674,73.131,0,1,0
8621,3.198,312.695,1,0,0
8622,12.022,83.181,0,1,0
8623,15.440,64.767,0,1,0
8624,5.936,168.464,1,0,0
8625,3.212,311.333,1,0,0
8626,4.599,217.439,1,0,0
8627,19.404,51.536,0,1,0
8628,5.644,177.179,1,0,0
8629,4.691,213.174,1,0,0
8630,2.996,333.778,1,0,0
8631,15.748,63.500,0,1,0
8632,6.021,166.085,1,0,0
8633,2.177,459.348,1,0,0
8634,15.396,64.952,0,1,0
8635,1.820,549.451,1,0,0
8636,2.454,407.498,1,0,0
8637,2.455,407.332,1,0,0
8638,13.398,74.638,0,1,0
8639,1.951,512.558,1,0,0
8640,4.238,235.960,1,0,0
8641,2.985,335.008,1,0,0
8642,13.034,76.722,0,1,0
8643,4.464,224.014,1,0,0
8644,4.186,238.892,1,0,0
8645,12.231,81.759,0,1,0
8646,12.104,82.617,0,1,0
8647,3.469,288.268,1,0,0
8648,3.894,256.805,1,0,0
8649,4.044,247.280,1,0,0
8650,14.418,69.358,0,1,0
8651,2.365,422.833,1,0,0
8652,15.499,64.520,0,1,0
8653,3.216,310.945,1,0,0
8654,3.509,284.981,1,0,0
8655,16.721,59.805,0,1,0
8656,2.739,365.097,1,0,0
8657,3.516,284.414,1,0,0
8658,12.104,82.617,0,1,0
8659,3.719,268.889,1,0,0
8660,12.766,78.333,0,1,0
8661,4.031,248.077,1,0,0
8662,3.898,256.542,1,0,0
8663,5.140,194.553,1,0,0
8664,3.983,251.067,1,0,0
8665,15.452,64.717,0,1,0
8666,3.394,294.638,1,0,0
8667,3.581,279.252,1,0,0
8668,2.755,362.976,1,0,0
8669,13.847,72.218,0,1,0
8670,15.025,66.556,0,1,0
8671,3.514,284.576,1,0,0
8672,14.783,67.645,0,1,0
8673,4.434,225.530,1,0,0
8674,1.990,502.513,1,0,0
8675,14.321,69.828,0,1,0
8676,1.967,508.388,1,0,0
8677,19.392,51.568,0,1,0
8678,19.589,51.049,0,1,0
8679,19.972,50.070,0,1,0
8680,21.198,47.174,0,1,0
8681,20.381,49.065,0,1,0
8682,14.535,68.799,0,1,0
8683,2.041,489.956,1,0,0
8684,2.568,389.408,1,0,0
8685,13.291,75.239,0,1,0
8686,19.723,50.702,0,1,0
8687,5.485,182.315,1,0,0
8688,4.600,217.391,1,0,0
8689,3.469,288.268,1,0,0
8690,12.862,77.748,0,1,0
8691,4.133,241.955,1,0,0
8692,13.318,75.086,0,1,0
8693,3.222,310.366,1,0,0
8694,3.484,287.026,1,0,0
8695,12.893,77.561,0,1,0
8696,14.782,67.650,0,1,0
8697,14.131,70.766,0,1,0
8698,15.274,65.471,0,1,0
8699,13.995,71.454,0,1,0
8700,15.569,64.230,0,1,0
8701,15.272,65.479,0,1,0
8702,13.017,76.823,0,1,0
8703,12.702,78.728,0,1,0
8704,11.584,86.326,0,1,0
8705,12.273,81.480,0,1,0
8706,13.317,75.092,0,1,0
8707,14.237,70.240,0,1,0
8708,12.777,78.266,0,1,0
8709,13.510,74.019,0,1,0
8710,17.847,56.032,0,1,0
8711,14.572,68.625,0,1,0
8712,15.869,63.016,0,1,0
8713,16.098,62.120,0,1,0
8714,18.457,54.180,0,1,0
8715,19.231,51.999,0,1,0
8716,18.724,53.407,0,1,0
8717,16.112,62.066,0,1,0
8718,16.972,58.921,0,1,0
8719,5.323,187.864,1,0,0
8720,5.075,197.044,1,0,0
8721,4.229,236.463,1,0,0
8722,18.290,54.675,0,1,0
8723,13.325,75.047,0,1,0
8724,15.520,64.433,0,1,0
8725,16.249,61.542,0,1,0
8726,2.439,410.004,1,0,0
8727,2.202,454.133,1,0,0
8728,2.260,442.478,1,0,0
8729,15.283,65.432,0,1,0
8730,15.209,65.751,0,1,0
8731,14.002,71.418,0,1,0
8732,13.767,72.637,0,1,0
8733,13.178,75.884,0,1,0
8734,13.700,72.993,0,1,0
8735,5.674,176.243,1,0,0
8736,14.684,68.101,0,1,0
8737,3.159,316.556,1,0,0
8738,2.822,354.359,1,0,0
8739,9.517,105.075,0,1,0
8740,3.065,326.264,1,0,0
8741,5.712,175.070,1,0,0
8742,4.348,229.991,1,0,0
8743,2.482,402.901,1,0,0
8744,4.549,219.829,1,0,0
8745,2.311,432.713,1,0,0
8746,10.800,92.593,0,1,0
8747,2.038,490.677,1,0,0
8748,1.944,514.403,1,0,0
8749,11.034,90.629,0,1,0
8750,1.909,523.834,1,0,0
8751,1.709,585.138,1,0,0
8752,11.140,89.767,0,1,0
8753,2.079,481.000,1,0,0
8754,11.968,83.556,0,1,0
8755,10.727,93.223,0,1,0
8756,11.747,85.128,0,1,0
8757,12.741,78.487,0,1,0
8758,6.051,165.262,1,0,0
8759,15.025,66.556,0,1,0
8760,5.333,187.512,1,0,0
8761,5.019,199.243,1,0,0
8762,15.059,66.405,0,1,0
8763,5.591,178.859,1,0,0
8764,2.610,383.142,1,0,0
8765,13.176,75.896,0,1,0
8766,13.230,75.586,0,1,0
8767,3.454,289.519,1,0,0
8768,2.767,361.402,1,0,0
8769,2.267,441.112,1,0,0
8770,11.661,85.756,0,1,0
8771,11.908,83.977,0,1,0
8772,14.335,69.759,0,1,0
8773,17.211,58.102,0,1,0
8774,18.423,54.280,0,1,0
8775,17.379,57.541,0,1,0
8776,18.912,52.876,0,1,0
8777,4.944,202.265,1,0,0
8778,3.618,276.396,1,0,0
8779,13.889,71.999,0,1,0
8780,3.262,306.560,1,0,0
8781,2.243,445.831,1,0,0
8782,10.477,95.447,0,1,0
8783,11.561,86.498,0,1,0
8784,10.161,98.416,0,1,0
8785,12.403,80.626,0,1,0
8786,12.160,82.237,0,1,0
8787,10.638,94.003,0,1,0
8788,4.889,204.541,1,0,0
8789,14.546,68.747,0,1,0
8790,17.776,56.256,0,1,0
8791,16.366,61.102,0,1,0
8792,14.821,67.472,0,1,0
8793,15.241,65.612,0,1,0
8794,17.231,58.035,0,1,0
8795,18.528,53.972,0,1,0
8796,4.969,201.248,1,0,0
8797,21.486,46.542,0,1,0
8798,4.074,245.459,1,0,0
8799,5.480,182.482,1,0,0
8800,16.928,59.074,0,1,0
8801,17.076,58.562,0,1,0
8802,6.501,153.822,1,0,0
8803,5.360,186.567,1,0,0
8804,20.315,49.225,0,1,0
8805,15.272,65.479,0,1,0
8806,16.696,59.895,0,1,0
8807,18.373,54.428,0,1,0
8808,24.092,41.508,0,1,0
8809,22.820,43.821,0,1,0
8810,24.640,40.584,0,1,0
8811,23.589,42.393,0,1,0
8812,20.899,47.849,0,1,0
8813,15.108,66.190,0,1,0
8814,14.758,67.760,0,1,0
8815,15.134,66.076,0,1,0
8816,16.573,60.339,0,1,0
8817,16.168,61.851,0,1,0
8818,3.291,303.859,1,0,0
8819,3.532,283.126,1,0,0
8820,2.587,386.548,1,0,0
8821,1.772,564.334,1,0,0
8822,2.252,444.050,1,0,0
8823,3.331,300.210,1,0,0
8824,2.441,409.668,1,0,0
8825,1.519,658.328,1,0,0
8826,2.427,412.031,1,0,0
8827,9.039,110.632,0,1,0
8828,1.688,592.417,1,0,0
8829,12.141,82.366,0,1,0
8830,1.650,606.061,1,0,0
8831,13.444,74.383,0,1,0
8832,14.722,67.926,0,1,0
8833,4.092,244.379,1,0,0
8834,2.197,455.166,1,0,0
8835,3.335,299.850,1,0,0
8836,22.193,45.059,0,1,0
8837,3.196,312.891,1,0,0
8838,21.537,46.432,0,1,0
8839,3.341,299.312,1,0,0
8840,17.806,56.161,0,1,0
8841,3.511,284.819,1,0,0
8842,3.752,266.525,1,0,0
8843,3.736,267.666,1,0,0
8844,3.525,283.688,1,0,0
8845,3.248,307.882,1,0,0
8846,3.737,267.594,1,0,0
8847,13.940,71.736,0,1,0
8848,4.741,210.926,1,0,0
8849,15.889,62.937,0,1,0
8850,2.786,358.938,1,0,0
8851,2.613,382.702,1,0,0
8852,12.992,76.970,0,1,0
8853,5.803,172.325,1,0,0
8854,19.809,50.482,0,1,0
8855,4.314,231.803,1,0,0
8856,16.098,62.120,0,1,0
8857,5.018,199.283,1,0,0
8858,18.066,55.353,0,1,0
8859,3.470,288.184,1,0,0
8860,23.336,42.852,0,1,0
8861,3.700,270.270,1,0,0
8862,3.025,330.579,1,0,0
8863,4.427,225.887,1,0,0
8864,22.827,43.808,0,1,0
8865,4.652,214.961,1,0,0
8866,4.192,238.550,1,0,0
8867,19.394,51.562,0,1,0
8868,21.889,45.685,0,1,0
8869,20.294,49.276,0,1,0
8870,17.521,57.074,0,1,0
8871,17.950,55.710,0,1,0
8872,17.932,55.766,0,1,0
8873,17.820,56.117,0,1,0
8874,19.593,51.039,0,1,0
8875,18.481,54.110,0,1,0
8876,16.266,61.478,0,1,0
8877,15.937,62.747,0,1,0
8878,17.582,56.876,0,1,0
8879,4.655,214.823,1,0,0
8880,2.698,370.645,1,0,0
8881,2.491,401.445,1,0,0
8882,2.335,428.266,1,0,0
8883,2.791,358.295,1,0,0
8884,2.861,349.528,1,0,0
8885,14.750,67.797,0,1,0
8886,2.268,440.917,1,0,0
8887,4.558,219.394,1,0,0
8888,16.209,61.694,0,1,0
8889,7.046,141.924,1,0,0
8890,18.164,55.054,0,1,0
8891,4.321,231.428,1,0,0
8892,18.689,53.507,0,1,0
8893,3.079,324.781,1,0,0
8894,2.820,354.610,1,0,0
8895,18.327,54.564,0,1,0
8896,19.987,50.033,0,1,0
8897,19.727,50.692,0,1,0
8898,5.813,172.028,1,0,0
8899,3.271,305.717,1,0,0
8900,3.569,280.191,1,0,0
8901,4.652,214.961,1,0,0
8902,23.637,42.307,0,1,0
8903,18.689,53.507,0,1,0
8904,22.449,44.545,0,1,0
8905,22.892,43.683,0,1,0
8906,23.489,42.573,0,1,0
8907,20.709,48.288,0,1,0
8908,19.222,52.024,0,1,0
8909,19.323,51.752,0,1,0
8910,20.430,48.948,0,1,0
8911,18.193,54.966,0,1,0
8912,18.134,55.145,0,1,0
8913,16.204,61.713,0,1,0
8914,16.644,60.082,0,1,0
8915,17.964,55.667,0,1,0
8916,2.645,378.072,1,0,0
8917,3.152,317.259,1,0,0
8918,3.411,293.169,1,0,0
8919,3.424,292.056,1,0,0
8920,3.019,331.236,1,0,0
8921,3.050,327.869,1,0,0
8922,3.321,301.114,1,0,0
8923,14.797,67.581,0,1,0
8924,16.196,61.744,0,1,0
8925,16.732,59.766,0,1,0
8926,17.990,55.586,0,1,0
8927,3.033,329.707,1,0,0
8928,4.499,222.272,1,0,0
8929,2.469,405.022,1,0,0
8930,2.361,423.549,1,0,0
8931,15.547,64.321,0,1,0
8932,2.965,337.268,1,0,0
8933,5.042,198.334,1,0,0
8934,4.994,200.240,1,0,0
8935,16.523,60.522,0,1,0
8936,3.291,303.859,1,0,0
8937,3.173,315.159,1,0,0
8938,14.082,71.013,0,1,0
8939,15.437,64.779,0,1,0
8940,16.162,61.874,0,1,0
8941,15.269,65.492,0,1,0
8942,11.984,83.445,0,1,0
8943,12.936,77.304,0,1,0
8944,13.584,73.616,0,1,0
8945,16.344,61.185,0,1,0
8946,15.486,64.574,0,1,0
8947,3.532,283.126,1,0,0
8948,3.595,278.164,1,0,0
8949,17.735,56.386,0,1,0
8950,3.480,287.356,1,0,0
8951,3.761,265.887,1,0,0
8952,3.933,254.259,1,0,0
8953,14.766,67.723,0,1,0
8954,14.362,69.628,0,1,0
8955,4.956,201.776,1,0,0
8956,17.986,55.599,0,1,0
8957,16.667,59.999,0,1,0
8958,16.507,60.580,0,1,0
8959,18.448,54.206,0,1,0
8960,18.406,54.330,0,1,0
8961,16.990,58.858,0,1,0
8962,16.414,60.924,0,1,0
8963,14.803,67.554,0,1,0
8964,15.655,63.877,0,1,0
8965,14.942,66.925,0,1,0
8966,18.801,53.189,0,1,0
8967,17.788,56.218,0,1,0
8968,17.301,57.800,0,1,0
8969,17.069,58.586,0,1,0
8970,6.490,154.083,1,0,0
8971,2.391,418.235,1,0,0
8972,2.338,427.716,1,0,0
8973,4.694,213.038,1,0,0
8974,17.130,58.377,0,1,0
8975,15.641,63.935,0,1,0
8976,3.043,328.623,1,0,0
8977,1.871,534.474,1,0,0
8978,1.725,579.710,1,0,0
8979,2.613,382.702,1,0,0
8980,2.425,412.371,1,0,0
8981,14.238,70.235,0,1,0
8982,4.858,205.846,1,0,0
8983,14.822,67.467,0,1,0
8984,3.995,250.313,1,0,0
8985,5.068,197.316,1,0,0
8986,13.752,72.717,0,1,0
8987,5.564,179.727,1,0,0
8988,3.322,301.023,1,0,0
8989,11.815,84.638,0,1,0
8990,4.302,232.450,1,0,0
8991,11.180,89.445,0,1,0
8992,3.976,251.509,1,0,0
8993,4.159,240.442,1,0,0
8994,11.238,88.984,0,1,0
8995,3.315,301.659,1,0,0
8996,9.355,106.895,0,1,0
8997,3.464,288.684,1,0,0
8998,12.712,78.666,0,1,0
8999,3.549,281.770,1,0,0
9000,3.552,281.532,1,0,0
9001,9.350,106.952,0,1,0
9002,2.064,484.496,1,0,0
9003,6.462,154.751,0,1,0
9004,2.170,460.829,1,0,0
9005,7.938,125.976,1,0,0
9006,9.142,109.385,0,1,0
9007,5.170,193.424,1,0,0
9008,10.795,92.635,0,1,0
9009,5.196,192.456,1,0,0
9010,11.973,83.521,0,1,0
9011,8.716,114.732,1,0,0
9012,13.316,75.098,0,1,0
9013,7.223,138.447,1,0,0
9014,4.227,236.574,1,0,0
9015,3.641,274.650,1,0,0
9016,4.474,223.514,1,0,0
9017,12.018,83.209,0,1,0
9018,3.515,284.495,1,0,0
9019,5.314,188.182,1,0,0
9020,4.067,245.881,1,0,0
9021,13.642,73.303,0,1,0
9022,13.796,72.485,0,1,0
9023,4.238,235.960,1,0,0
9024,15.234,65.643,0,1,0
9025,5.104,195.925,1,0,0
9026,15.735,63.553,0,1,0
9027,3.311,302.024,1,0,0
9028,13.574,73.670,0,1,0
9029,2.979,335.683,1,0,0
9030,4.176,239.464,1,0,0
9031,11.156,89.638,0,1,0
9032,3.919,255.167,1,0,0
9033,4.045,247.219,1,0,0
9034,2.886,346.500,1,0,0
9035,11.159,89.614,0,1,0
9036,11.168,89.542,0,1,0
9037,11.034,90.629,0,1,0
9038,10.705,93.414,0,1,0
9039,12.315,81.202,0,1,0
9040,8.526,117.288,0,1,0
9041,7.847,127.437,0,1,0
9042,10.873,91.971,0,1,0
9043,12.854,77.797,0,1,0
9044,13.877,72.062,0,1,0
9045,14.402,69.435,0,1,0
9046,5.335,187.441,1,0,0
9047,4.640,215.517,1,0,0
9048,4.630,215.983,1,0,0
9049,3.912,255.624,1,0,0
9050,4.182,239.120,1,0,0
9051,15.826,63.187,0,1,0
9052,3.330,300.300,1,0,0
9053,13.218,75.654,0,1,0
9054,11.941,83.745,0,1,0
9055,15.887,62.945,0,1,0
9056,14.830,67.431,0,1,0
9057,12.282,81.420,0,1,0
9058,13.254,75.449,0,1,0
9059,11.839,84.467,0,1,0
9060,13.493,74.113,0,1,0
9061,17.439,57.343,0,1,0
9062,16.270,61.463,0,1,0
9063,16.560,60.386,0,1,0
9064,18.567,53.859,0,1,0
9065,15.326,65.249,0,1,0
9066,13.609,73.481,0,1,0
9067,12.337,81.057,0,1,0
9068,12.773,78.290,0,1,0
9069,13.202,75.746,0,1,0
9070,13.805,72.438,0,1,0
9071,14.014,71.357,0,1,0
9072,15.362,65.096,0,1,0
9073,15.413,64.880,0,1,0
9074,3.653,273.748,1,0,0
9075,18.372,54.431,0,1,0
9076,2.802,356.888,1,0,0
9077,14.662,68.204,0,1,0
9078,3.819,261.849,1,0,0
9079,11.325,88.300,0,1,0
9080,4.715,212.089,1,0,0
9081,3.514,284.576,1,0,0
9082,5.163,193.686,1,0,0
9083,10.989,91.000,0,1,0
9084,3.036,329.381,1,0,0
9085,9.386,106.542,0,1,0
9086,2.998,333.556,1,0,0
9087,3.626,275.786,1,0,0
9088,8.613,116.104,0,1,0
9089,3.060,326.797,1,0,0
9090,7.541,132.608,0,1,0
9091,8.509,117.523,0,1,0
9092,2.195,455.581,1,0,0
9093,13.018,76.817,0,1,0
9094,13.715,72.913,0,1,0
9095,14.501,68.961,0,1,0
9096,13.746,72.748,0,1,0
9097,14.604,68.474,0,1,0
9098,13.405,74.599,0,1,0
9099,13.438,74.416,0,1,0
9100,14.409,69.401,0,1,0
9101,15.554,64.292,0,1,0
9102,17.193,58.163,0,1,0
9103,18.486,54.095,0,1,0
9104,2.997,333.667,1,0,0
9105,3.078,324.886,1,0,0
9106,2.774,360.490,1,0,0
9107,4.689,213.265,1,0,0
9108,2.662,375.657,1,0,0
9109,18.177,55.015,0,1,0
9110,2.714,368.460,1,0,0
9111,18.541,53.935,0,1,0
9112,18.867,53.003,0,1,0
9113,19.472,51.356,0,1,0
9114,18.194,54.963,0,1,0
9115,17.551,56.977,0,1,0
9116,15.790,63.331,0,1,0
9117,15.899,62.897,0,1,0
9118,14.952,66.881,0,1,0
9119,15.098,66.234,0,1,0
9120,13.944,71.715,0,1,0
9121,2.663,375.516,1,0,0
9122,2.264,441.696,1,0,0
9123,13.761,72.669,0,1,0
9124,1.816,550.661,1,0,0
9125,13.408,74.582,0,1,0
9126,2.205,453.515,1,0,0
9127,15.158,65.972,0,1,0
9128,2.459,406.669,1,0,0
9129,12.853,77.803,0,1,0
9130,12.977,77.059,0,1,0
9131,14.395,69.469,0,1,0
9132,14.770,67.705,0,1,0
9133,12.459,80.263,0,1,0
9134,12.475,80.160,0,1,0
9135,13.292,75.233,0,1,0
9136,14.550,68.729,0,1,0
9137,16.363,61.113,0,1,0
9138,17.038,58.692,0,1,0
9139,16.616,60.183,0,1,0
9140,4.079,245.158,1,0,0
9141,13.075,76.482,0,1,0
9142,14.646,68.278,0,1,0
9143,14.910,67.069,0,1,0
9144,13.164,75.965,0,1,0
9145,13.481,74.178,0,1,0
9146,12.369,80.847,0,1,0
9147,3.496,286.041,1,0,0
9148,2.476,403.877,1,0,0
9149,14.143,70.706,0,1,0
9150,2.253,443.853,1,0,0
9151,13.854,72.181,0,1,0
9152,1.368,730.994,1,0,0
9153,1.876,533.049,1,0,0
9154,15.463,64.671,0,1,0
9155,2.225,449.438,1,0,0
9156,14.851,67.336,0,1,0
9157,2.244,445.633,1,0,0
9158,1.997,500.751,1,0,0
9159,3.750,266.667,1,0,0
9160,2.767,361.402,1,0,0
9161,3.750,266.667,1,0,0
9162,14.171,70.567,0,1,0
9163,4.457,224.366,1,0,0
9164,4.549,219.829,1,0,0
9165,2.873,348.068,1,0,0
9166,2.984,335.121,1,0,0
9167,2.599,384.763,1,0,0
9168,3.536,282.805,1,0,0
9169,14.536,68.795,0,1,0
9170,21.525,46.458,0,1,0
9171,5.123,195.198,1,0,0
9172,5.353,186.811,1,0,0
9173,5.292,188.964,1,0,0
9174,24.519,40.785,0,1,0
9175,5.423,184.400,1,0,0
9176,5.259,190.150,1,0,0
9177,4.573,218.675,1,0,0
9178,26.991,37.049,0,1,0
9179,4.427,225.887,1,0,0
9180,5.574,179.404,1,0,0
9181,26.882,37.200,0,1,0
9182,3.523,283.849,1,0,0
9183,3.169,315.557,1,0,0
9184,2.381,419.992,1,0,0
9185,3.120,320.513,1,0,0
9186,3.264,306.373,1,0,0
9187,3.201,312.402,1,0,0
9188,2.772,360.750,1,0,0
9189,24.625,40.609,0,1,0
9190,2.559,390.778,1,0,0
9191,2.649,377.501,1,0,0
9192,20.973,47.680,0,1,0
9193,21.527,46.453,0,1,0
9194,20.949,47.735,0,1,0
9195,18.583,53.813,0,1,0
9196,17.586,56.863,0,1,0
9197,16.775,59.613,0,1,0
9198,17.124,58.398,0,1,0
9199,15.288,65.411,0,1,0
9200,16.902,59.165,0,1,0
9201,13.253,75.455,0,1,0
9202,3.550,281.690,1,0,0
9203,2.485,402.414,1,0,0
9204,2.457,407.000,1,0,0
9205,12.563,79.599,0,1,0
9206,11.235,89.008,0,1,0
9207,10.601,94.331,0,1,0
9208,8.686,115.128,0,1,0
9209,2.316,431.779,1,0,0
9210,8.105,123.381,0,1,0
9211,2.171,460.617,1,0,0
9212,2.810,355.872,1,0,0
9213,3.987,250.815,1,0,0
9214,2.210,452.489,1,0,0
9215,7.659,130.565,0,1,0
9216,2.204,453.721,1,0,0
9217,7.657,130.599,0,1,0
9218,1.974,506.586,1,0,0
9219,2.043,489.476,1,0,0
9220,1.989,502.765,1,0,0
9221,2.373,421.408,1,0,0
9222,7.568,132.135,0,1,0
9223,1.446,691.563,1,0,0
9224,2.284,437.828,1,0,0
9225,2.117,472.367,1,0,0
9226,8.421,118.751,0,1,0
9227,1.313,761.615,1,0,0
9228,8.673,115.300,0,1,0
9229,8.768,114.051,0,1,0
9230,10.273,97.343,0,1,0
9231,11.651,85.830,0,1,0
9232,12.765,78.339,0,1,0
9233,12.937,77.298,0,1,0
9234,13.743,72.764,0,1,0
9235,5.209,191.975,1,0,0
9236,3.984,251.004,1,0,0
9237,9.156,109.218,0,1,0
9238,4.676,213.858,1,0,0
9239,10.122,98.795,0,1,0
9240,2.346,426.257,1,0,0
9241,14.063,71.109,0,1,0
9242,5.042,198.334,1,0,0
9243,17.770,56.275,0,1,0
9244,3.161,316.356,1,0,0
9245,15.494,64.541,0,1,0
9246,4.373,228.676,1,0,0
9247,3.432,291.375,1,0,0
9248,3.117,320.821,1,0,0
9249,13.165,75.959,0,1,0
9250,3.322,301.023,1,0,0
9251,18.641,53.645,0,1,0
9252,1.985,503.778,1,0,0
9253,2.058,485.909,1,0,0
9254,20.138,49.657,0,1,0
9255,4.069,245.761,1,0,0
9256,18.468,54.148,0,1,0
9257,3.689,271.076,1,0,0
9258,24.237,41.259,0,1,0
9259,24.772,40.368,0,1,0
9260,23.066,43.354,0,1,0
9261,23.289,42.939,0,1,0
9262,22.046,45.360,0,1,0
9263,17.718,56.440,0,1,0
9264,15.359,65.108,0,1,0
9265,14.371,69.585,0,1,0
9266,13.868,72.108,0,1,0
9267,13.848,72.213,0,1,0
9268,1.876,533.049,1,0,0
9269,11.793,84.796,0,1,0
9270,15.330,65.232,0,1,0
9271,14.925,67.002,0,1,0
9272,1.927,518.941,1,0,0
9273,16.865,59.294,0,1,0
9274,16.482,60.672,0,1,0
9275,16.237,61.588,0,1,0
9276,15.066,66.375,0,1,0
9277,16.638,60.103,0,1,0
9278,17.583,56.873,0,1,0
9279,16.637,60.107,0,1,0
9280,15.823,63.199,0,1,0
9281,15.350,65.147,0,1,0
9282,14.115,70.847,0,1,0
9283,10.796,92.627,0,1,0
9284,12.474,80.167,0,1,0
9285,1.665,600.601,1,0,0
9286,1.943,514.668,1,0,0
9287,1.975,506.329,1,0,0
9288,10.891,91.819,0,1,0
9289,1.827,547.345,1,0,0
9290,2.286,437.445,1,0,0
9291,4.978,200.884,1,0,0
9292,17.126,58.391,0,1,0
9293,9.197,108.731,1,0,0
9294,17.328,57.710,0,1,0
9295,17.182,58.200,0,1,0
9296,6.656,150.240,1,0,0
9297,6.810,146.843,1,0,0
9298,7.004,142.776,1,0,0
9299,5.020,199.203,1,0,0
9300,13.362,74.839,0,1,0
9301,13.529,73.915,0,1,0
9302,3.703,270.051,1,0,0
9303,3.194,313.087,1,0,0
9304,3.268,305.998,1,0,0
9305,12.057,82.939,0,1,0
9306,2.894,345.543,1,0,0
9307,1.980,505.051,1,0,0
9308,14.533,68.809,0,1,0
9309,4.970,201.207,1,0,0
9310,3.557,281.136,1,0,0
9311,10.277,97.305,0,1,0
9312,9.446,105.865,0,1,0
9313,9.216,108.507,0,1,0
9314,9.477,105.519,0,1,0
9315,6.998,142.898,0,1,0
9316,7.254,137.855,0,1,0
9317,4.574,218.627,1,0,0
9318,9.364,106.792,0,1,0
9319,4.049,246.975,1,0,0
9320,2.288,437.063,1,0,0
9321,5.120,195.312,0,1,0
9322,5.872,170.300,0,1,0
9323,7.226,138.389,0,1,0
9324,3.143,318.167,1,0,0
9325,3.457,289.268,1,0,0
9326,2.672,374.251,1,0,0
9327,7.857,127.275,0,1,0
9328,1.712,584.112,1,0,0
9329,4.202,237.982,1,0,0
9330,3.681,271.665,1,0,0
9331,7.731,129.349,0,1,0
9332,8.044,124.316,0,1,0
9333,10.623,94.135,0,1,0
9334,2.433,411.015,1,0,0
9335,3.343,299.133,1,0,0
9336,3.336,299.760,1,0,0
9337,4.186,238.892,1,0,0
9338,2.943,339.789,1,0,0
9339,10.035,99.651,0,1,0
9340,2.676,373.692,1,0,0
9341,3.264,306.373,1,0,0
9342,8.671,115.327,0,1,0
9343,3.421,292.312,1,0,0
9344,2.229,448.632,1,0,0
9345,9.865,101.368,0,1,0
9346,9.807,101.968,0,1,0
9347,2.891,345.901,1,0,0
9348,2.611,382.995,1,0,0
9349,2.546,392.773,1,0,0
9350,10.770,92.851,0,1,0
9351,2.706,369.549,1,0,0
9352,10.364,96.488,0,1,0
9353,4.894,204.332,1,0,0
9354,14.167,70.587,0,1,0
9355,4.743,210.837,1,0,0
9356,3.977,251.446,1,0,0
9357,11.753,85.085,0,1,0
9358,3.736,267.666,1,0,0
9359,13.327,75.036,0,1,0
9360,4.929,202.881,1,0,0
9361,2.725,366.972,1,0,0
9362,2.633,379.795,1,0,0
9363,13.294,75.222,0,1,0
9364,2.232,448.029,1,0,0
9365,2.874,347.947,1,0,0
9366,3.967,252.080,1,0,0
9367,14.689,68.078,0,1,0
9368,4.398,227.376,1,0,0
9369,15.815,63.231,0,1,0
9370,2.277,439.174,1,0,0
9371,13.994,71.459,0,1,0
9372,1.956,511.247,1,0,0
9373,1.737,575.705,1,0,0
9374,3.557,281.136,1,0,0
9375,16.328,61.244,0,1,0
9376,16.291,61.384,0,1,0
9377,15.127,66.107,0,1,0
9378,5.218,191.644,1,0,0
9379,2.590,386.100,1,0,0
9380,2.200,454.545,1,0,0
9381,10.797,92.618,0,1,0
9382,1.974,506.586,1,0,0
9383,2.013,496.771,1,0,0
9384,10.268,97.390,0,1,0
9385,2.405,415.800,1,0,0
9386,9.671,103.402,0,1,0
9387,2.391,418.235,1,0,0
9388,2.447,408.664,1,0,0
9389,13.745,72.754,0,1,0
9390,1.832,545.852,1,0,0
9391,2.084,479.846,1,0,0
9392,11.901,84.027,0,1,0
9393,1.798,556.174,1,0,0
9394,13.399,74.632,0,1,0
9395,2.027,493.340,1,0,0
9396,2.201,454.339,1,0,0
9397,3.410,293.255,1,0,0
9398,9.617,103.983,1,0,0
9399,7.262,137.703,1,0,0
9400,10.157,98.454,0,1,0
9401,4.148,241.080,1,0,0
9402,3.729,268.168,1,0,0
9403,6.187,161.629,1,0,0
9404,4.535,220.507,1,0,0
9405,9.580,104.384,0,1,0
9406,1.881,531.632,1,0,0
9407,8.596,116.333,0,1,0
9408,9.689,103.210,0,1,0
9409,9.892,101.092,0,1,0
9410,9.904,100.969,0,1,0
9411,11.089,90.179,0,1,0
9412,13.594,73.562,0,1,0
9413,12.353,80.952,0,1,0
9414,12.443,80.366,0,1,0
9415,13.230,75.586,0,1,0
9416,11.851,84.381,0,1,0
9417,12.790,78.186,0,1,0
9418,11.897,84.055,0,1,0
9419,2.571,388.954,1,0,0
9420,12.826,77.967,0,1,0
9421,1.970,507.614,1,0,0
9422,2.186,457.457,1,0,0
9423,11.552,86.565,0,1,0
9424,2.670,374.532,1,0,0
9425,2.329,429.369,1,0,0
9426,2.598,384.911,1,0,0
9427,7.909,126.438,0,1,0
9428,5.379,185.908,1,0,0
9429,12.021,83.188,0,1,0
9430,5.711,175.101,1,0,0
9431,4.070,245.700,1,0,0
9432,3.826,261.370,1,0,0
9433,6.622,151.012,1,0,0
9434,17.507,57.120,0,1,0
9435,17.410,57.438,0,1,0
9436,6.328,158.028,1,0,0
9437,3.057,327.118,1,0,0
9438,15.762,63.444,0,1,0
9439,5.277,189.502,1,0,0
9440,19.644,50.906,0,1,0
9441,4.233,236.239,1,0,0
9442,19.025,52.562,0,1,0
9443,3.391,294.898,1,0,0
9444,3.476,287.687,1,0,0
9445,3.850,259.740,1,0,0
9446,3.822,261.643,1,0,0
9447,13.518,73.975,0,1,0
9448,3.259,306.843,1,0,0
9449,3.285,304.414,1,0,0
9450,2.276,439.367,1,0,0
9451,2.556,391.236,1,0,0
9452,13.287,75.262,0,1,0
9453,2.962,337.610,1,0,0
9454,3.427,291.800,1,0,0
9455,11.068,90.351,0,1,0
9456,4.200,238.095,1,0,0
9457,3.369,296.824,1,0,0
9458,10.643,93.958,0,1,0
9459,1.918,521.376,1,0,0
9460,2.159,463.177,1,0,0
9461,8.451,118.329,0,1,0
9462,2.645,378.072,1,0,0
9463,7.616,131.303,0,1,0
9464,7.530,132.802,0,1,0
9465,8.321,120.178,0,1,0
9466,11.414,87.612,0,1,0
9467,10.251,97.551,0,1,0
9468,2.745,364.299,1,0,0
9469,4.644,215.332,1,0,0
9470,9.444,105.887,0,1,0
9471,5.020,199.203,1,0,0
9472,3.479,287.439,1,0,0
9473,4.000,250.000,1,0,0
9474,11.124,89.896,0,1,0
9475,3.803,262.950,1,0,0
9476,12.294,81.340,0,1,0
9477,4.165,240.096,1,0,0
9478,2.922,342.231,1,0,0
9479,3.050,327.869,1,0,0
9480,2.992,334.225,1,0,0
9481,2.079,481.000,1,0,0
9482,1.695,589.971,1,0,0
9483,2.310,432.900,1,0,0
9484,2.222,450.045,1,0,0
9485,7.955,125.707,0,1,0
9486,10.942,91.391,0,1,0
9487,13.973,71.567,0,1,0
9488,4.982,200.723,1,0,0
9489,4.507,221.877,1,0,0
9490,4.411,226.706,1,0,0
9491,13.442,74.394,0,1,0
9492,1.933,517.331,1,0,0
9493,1.433,697.837,1,0,0
9494,2.135,468.384,1,0,0
9495,11.299,88.503,0,1,0
9496,1.839,543.774,1,0,0
9497,2.081,480.538,1,0,0
9498,12.333,81.083,0,1,0
9499,1.975,506.329,1,0,0
9500,14.605,68.470,0,1,0
9501,13.123,76.202,0,1,0
9502,14.611,68.442,0,1,0
9503,15.994,62.523,0,1,0
9504,2.466,405.515,1,0,0
9505,2.115,472.813,1,0,0
9506,2.888,346.260,1,0,0
9507,15.425,64.830,0,1,0
9508,2.504,399.361,1,0,0
9509,3.265,306.279,1,0,0
9510,4.994,200.240,1,0,0
9511,4.431,225.683,1,0,0
9512,12.402,80.632,0,1,0
9513,3.343,299.133,1,0,0
9514,11.754,85.077,0,1,0
9515,4.097,244.081,1,0,0
9516,4.185,238.949,1,0,0
9517,3.312,301.932,1,0,0
9518,10.995,90.950,0,1,0
9519,10.141,98.610,0,1,0
9520,12.010,83.264,0,1,0
9521,14.653,68.245,0,1,0
9522,15.718,63.621,0,1,0
9523,13.882,72.036,0,1,0
9524,15.722,63.605,0,1,0
9525,16.086,62.166,0,1,0
9526,15.984,62.563,0,1,0
9527,15.869,63.016,0,1,0
9528,16.991,58.855,0,1,0
9529,21.950,45.558,0,1,0
9530,21.485,46.544,0,1,0
9531,22.153,45.141,0,1,0
9532,22.378,44.687,0,1,0
9533,22.131,45.185,0,1,0
9534,22.319,44.805,0,1,0
9535,21.046,47.515,0,1,0
9536,20.951,47.730,0,1,0
9537,19.865,50.340,0,1,0
9538,23.086,43.316,0,1,0
9539,21.743,45.992,0,1,0
9540,2.703,369.959,1,0,0
9541,2.225,449.438,1,0,0
9542,18.481,54.110,0,1,0
9543,19.578,51.078,0,1,0
9544,4.318,231.589,1,0,0
9545,2.624,381.098,1,0,0
9546,3.077,324.992,1,0,0
9547,3.590,278.552,1,0,0
9548,4.351,229.832,1,0,0
9549,2.473,404.367,1,0,0
9550,3.312,301.932,1,0,0
9551,22.426,44.591,0,1,0
9552,2.669,374.672,1,0,0
9553,2.919,342.583,1,0,0
9554,24.370,41.034,0,1,0
9555,20.700,48.309,0,1,0
9556,21.054,47.497,0,1,0
9557,21.212,47.143,0,1,0
9558,22.996,43.486,0,1,0
9559,23.827,41.969,0,1,0
9560,24.670,40.535,0,1,0
9561,26.356,37.942,0,1,0
9562,25.330,39.479,0,1,0
9563,20.777,48.130,0,1,0
9564,22.110,45.228,0,1,0
9565,22.268,44.907,0,1,0
9566,21.737,46.005,0,1,0
9567,21.358,46.821,0,1,0
9568,19.218,52.035,0,1,0
9569,4.096,244.141,1,0,0
9570,4.023,248.571,1,0,0
9571,2.734,365.764,1,0,0
9572,15.802,63.283,0,1,0
9573,3.290,303.951,1,0,0
9574,3.540,282.486,1,0,0
9575,15.992,62.531,0,1,0
9576,3.310,302.115,1,0,0
9577,3.320,301.205,1,0,0
9578,2.680,373.134,1,0,0
9579,3.928,254.582,1,0,0
9580,5.777,173.100,1,0,0
9581,13.836,72.275,0,1,0
9582,4.554,219.587,1,0,0
9583,2.629,380.373,1,0,0
9584,15.088,66.278,0,1,0
9585,3.119,320.616,1,0,0
9586,15.409,64.897,0,1,0
9587,2.584,386.997,1,0,0
9588,2.752,363.372,1,0,0
9589,3.052,327.654,1,0,0
9590,2.257,443.066,1,0,0
9591,4.108,243.427,1,0,0
9592,19.365,51.640,0,1,0
9593,4.934,202.675,1,0,0
9594,2.193,455.996,1,0,0
9595,2.805,356.506,1,0,0
9596,2.594,385.505,1,0,0
9597,23.829,41.966,0,1,0
9598,20.873,47.909,0,1,0
9599,21.203,47.163,0,1,0
9600,20.996,47.628,0,1,0
9601,15.300,65.359,0,1,0
9602,8.562,116.795,0,1,0
9603,3.620,276.243,1,0,0
9604,3.792,263.713,1,0,0
9605,8.344,119.847,0,1,0
9606,2.111,473.709,1,0,0
9607,8.579,116.564,0,1,0
9608,2.328,429.553,1,0,0
9609,1.998,500.501,1,0,0
9610,1.949,513.084,1,0,0
9611,8.483,117.883,0,1,0
9612,1.359,735.835,1,0,0
9613,9.166,109.099,0,1,0
9614,2.246,445.236,1,0,0
9615,8.337,119.947,0,1,0
9616,2.976,336.022,1,0,0
9617,8.094,123.548,0,1,0
9618,2.726,366.838,1,0,0
9619,2.761,362.188,1,0,0
9620,4.907,203.791,0,1,0
9621,2.046,488.759,1,0,0
9622,3.322,301.023,1,0,0
9623,8.052,124.193,0,1,0
9624,9.379,106.621,0,1,0
9625,2.527,395.726,1,0,0
9626,3.786,264.131,1,0,0
9627,2.886,346.500,1,0,0
9628,9.807,101.968,0,1,0
9629,3.186,313.873,1,0,0
9630,11.205,89.246,0,1,0
9631,3.225,310.078,1,0,0
9632,12.298,81.314,0,1,0
9633,2.759,362.450,1,0,0
9634,3.723,268.601,1,0,0
9635,13.269,75.364,0,1,0
9636,2.046,488.759,1,0,0
9637,12.571,79.548,0,1,0
9638,2.248,444.840,1,0,0
9639,11.732,85.237,0,1,0
9640,12.306,81.261,0,1,0
9641,3.006,332.668,1,0,0
9642,2.545,392.927,1,0,0
9643,2.382,419.815,1,0,0
9644,2.779,359.842,1,0,0
9645,7.856,127.291,0,1,0
9646,7.753,128.982,0,1,0
9647,9.032,110.717,0,1,0
9648,11.068,90.351,0,1,0
9649,11.151,89.678,0,1,0
9650,10.322,96.880,0,1,0
9651,11.588,86.296,0,1,0
9652,4.143,241.371,1,0,0
9653,13.860,72.150,0,1,0
9654,3.815,262.123,1,0,0
9655,3.551,281.611,1,0,0
9656,3.461,288.934,1,0,0
9657,4.247,235.460,1,0,0
9658,13.028,76.758,0,1,0
9659,11.926,83.850,0,1,0
9660,12.149,82.311,0,1,0
9661,11.918,83.907,0,1,0
9662,11.001,90.901,0,1,0
9663,13.257,75.432,0,1,0
9664,11.723,85.302,0,1,0
9665,11.874,84.218,0,1,0
9666,11.952,83.668,0,1,0
9667,14.840,67.385,0,1,0
9668,3.340,299.401,1,0,0
9669,13.351,74.901,0,1,0
9670,1.818,550.055,1,0,0
9671,13.149,76.051,0,1,0
9672,14.615,68.423,0,1,0
9673,15.329,65.236,0,1,0
9674,2.065,484.262,1,0,0
9675,2.064,484.496,1,0,0
9676,15.427,64.821,0,1,0
9677,2.366,422.654,1,0,0
9678,1.792,558.036,1,0,0
9679,3.976,251.509,1,0,0
9680,3.902,256.279,1,0,0
9681,14.758,67.760,0,1,0
9682,4.171,239.751,1,0,0
9683,12.247,81.653,0,1,0
9684,13.561,73.741,0,1,0
9685,12.643,79.095,0,1,0
9686,12.356,80.932,0,1,0
9687,11.347,88.129,0,1,0
9688,13.059,76.576,0,1,0
9689,12.583,79.472,0,1,0
9690,3.569,280.191,1,0,0
9691,4.644,215.332,1,0,0
9692,5.047,198.138,1,0,0
9693,12.831,77.936,0,1,0
9694,2.297,435.350,1,0,0
9695,2.019,495.295,1,0,0
9696,8.417,118.807,0,1,0
9697,8.510,117.509,1,0,0
9698,14.314,69.862,0,1,0
9699,8.309,120.351,1,0,0
9700,9.809,101.947,0,1,0
9701,4.043,247.341,1,0,0
9702,5.902,169.434,1,0,0
9703,8.969,111.495,0,1,0
9704,4.005,249.688,1,0,0
9705,4.646,215.239,1,0,0
9706,6.165,162.206,0,1,0
9707,8.720,114.679,0,1,0
9708,9.056,110.424,0,1,0
9709,9.075,110.193,0,1,0
9710,10.103,98.981,0,1,0
9711,12.306,81.261,0,1,0
9712,16.109,62.077,0,1,0
9713,2.701,370.233,1,0,0
9714,3.404,293.772,1,0,0
9715,2.967,337.041,1,0,0
9716,4.624,216.263,1,0,0
9717,21.175,47.226,0,1,0
9718,2.950,338.983,1,0,0
9719,2.146,465.983,1,0,0
9720,5.825,171.674,1,0,0
9721,18.464,54.159,0,1,0
9722,5.588,178.955,1,0,0
9723,20.417,48.979,0,1,0
9724,22.134,45.179,0,1,0
9725,22.968,43.539,0,1,0
9726,22.642,44.166,0,1,0
9727,21.371,46.792,0,1,0
9728,4.974,201.045,1,0,0
9729,4.680,213.675,1,0,0
9730,18.356,54.478,0,1,0
9731,17.474,57.228,0,1,0
9732,16.667,59.999,0,1,0
9733,14.191,70.467,0,1,0
9734,14.728,67.898,0,1,0
9735,12.345,81.004,0,1,0
9736,13.281,75.296,0,1,0
9737,14.122,70.811,0,1,0
9738,3.572,279.955,1,0,0
9739,1.500,666.667,1,0,0
9740,1.638,610.501,1,0,0
9741,13.066,76.535,0,1,0
9742,1.710,584.795,1,0,0
9743,2.132,469.043,1,0,0
9744,12.890,77.580,0,1,0
9745,2.114,473.037,1,0,0
9746,4.361,229.305,1,0,0
9747,6.418,155.812,1,0,0
9748,4.360,229.358,1,0,0
9749,15.187,65.846,0,1,0
9750,3.727,268.312,1,0,0
9751,2.163,462.321,1,0,0
9752,5.523,181.061,1,0,0
9753,14.202,70.413,0,1,0
9754,4.810,207.900,1,0,0
9755,2.135,468.384,1,0,0
9756,2.613,382.702,1,0,0
9757,9.546,104.756,0,1,0
9758,2.312,432.526,1,0,0
9759,1.555,643.087,1,0,0
9760,1.903,525.486,1,0,0
9761,8.886,112.537,0,1,0
9762,1.689,592.066,1,0,0
9763,2.179,458.926,1,0,0
9764,2.667,374.953,1,0,0
9765,11.275,88.692,0,1,0
9766,9.929,100.715,0,1,0
9767,5.437,183.925,1,0,0
9768,13.751,72.722,0,1,0
9769,4.961,201.572,1,0,0
9770,12.495,80.032,0,1,0
9771,4.894,204.332,1,0,0
9772,10.041,99.592,0,1,0
9773,4.758,210.172,1,0,0
9774,3.111,321.440,1,0,0
9775,3.300,303.030,1,0,0
9776,3.354,298.151,1,0,0
9777,3.635,275.103,1,0,0
9778,2.411,414.766,1,0,0
9779,8.132,122.971,0,1,0
9780,2.186,457.457,1,0,0
9781,2.743,364.564,1,0,0
9782,8.466,118.120,0,1,0
9783,1.909,523.834,1,0,0
9784,10.104,98.971,0,1,0
9785,2.179,458.926,1,0,0
9786,10.844,92.217,0,1,0
9787,2.832,353.107,1,0,0
9788,12.273,81.480,0,1,0
9789,2.330,429.185,1,0,0
9790,3.300,303.030,1,0,0
9791,4.747,210.659,1,0,0
9792,19.731,50.682,0,1,0
9793,4.018,248.880,1,0,0
9794,16.879,59.245,0,1,0
9795,4.163,240.211,1,0,0
9796,14.999,66.671,0,1,0
9797,3.707,269.760,1,0,0
9798,16.061,62.263,0,1,0
9799,15.697,63.706,0,1,0
9800,13.904,71.922,0,1,0
9801,4.356,229.568,1,0,0
9802,4.118,242.836,1,0,0
9803,4.028,248.262,1,0,0
9804,14.281,70.023,0,1,0
9805,3.872,258.264,1,0,0
9806,4.281,233.590,1,0,0
9807,4.340,230.415,1,0,0
9808,14.522,68.861,0,1,0
9809,3.942,253.678,1,0,0
9810,14.575,68.611,0,1,0
9811,3.211,311.429,1,0,0
9812,2.801,357.015,1,0,0
9813,11.018,90.761,0,1,0
9814,11.041,90.572,0,1,0
9815,12.369,80.847,0,1,0
9816,13.061,76.564,0,1,0
9817,1.896,527.426,1,0,0
9818,4.583,218.198,1,0,0
9819,12.703,78.722,0,1,0
9820,3.715,269.179,1,0,0
9821,2.770,361.011,1,0,0
9822,3.847,259.943,1,0,0
9823,20.614,48.511,0,1,0
9824,13.310,75.131,0,1,0
9825,16.745,59.719,0,1,0
9826,17.654,56.644,0,1,0
9827,24.108,41.480,0,1,0
9828,23.434,42.673,0,1,0
9829,22.115,45.218,0,1,0
9830,24.659,40.553,0,1,0
9831,25.489,39.233,0,1,0
9832,18.838,53.084,0,1,0
9833,16.895,59.189,0,1,0
9834,3.595,278.164,1,0,0
9835,3.526,283.607,1,0,0
9836,16.799,59.527,0,1,0
9837,3.986,250.878,1,0,0
9838,3.459,289.101,1,0,0
9839,14.988,66.720,0,1,0
9840,12.145,82.338,0,1,0
9841,2.318,431.406,1,0,0
9842,11.596,86.237,0,1,0
9843,2.540,393.701,1,0,0
9844,2.874,347.947,1,0,0
9845,2.769,361.141,1,0,0
9846,2.042,489.716,1,0,0
9847,12.218,81.846,0,1,0
9848,17.528,57.052,0,1,0
9849,14.558,68.691,0,1,0
9850,18.332,54.549,0,1,0
9851,20.048,49.880,0,1,0
9852,2.815,355.240,1,0,0
9853,2.294,435.920,1,0,0
9854,20.122,49.697,0,1,0
9855,2.440,409.836,1,0,0
9856,19.484,51.324,0,1,0
9857,19.783,50.548,0,1,0
9858,2.185,457.666,1,0,0
9859,1.503,665.336,1,0,0
9860,18.063,55.362,0,1,0
9861,2.381,419.992,1,0,0
9862,1.981,504.796,1,0,0
9863,2.251,444.247,1,0,0
9864,1.789,558.971,1,0,0
9865,1.543,648.088,1,0,0
9866,2.333,428.633,1,0,0
9867,2.218,450.857,1,0,0
9868,14.226,70.294,0,1,0
9869,2.381,419.992,1,0,0
9870,5.218,191.644,1,0,0
9871,14.627,68.367,0,1,0
9872,4.285,233.372,1,0,0
9873,2.467,405.351,1,0,0
9874,4.786,208.943,1,0,0
9875,15.976,62.594,0,1,0
9876,6.081,164.447,1,0,0
9877,4.675,213.904,1,0,0
9878,4.190,238.663,1,0,0
9879,2.069,483.325,1,0,0
9880,1.899,526.593,1,0,0
9881,11.505,86.919,0,1,0
9882,2.067,483.793,1,0,0
9883,13.986,71.500,0,1,0
9884,5.772,173.250,1,0,0
9885,5.544,180.375,1,0,0
9886,3.501,285.633,1,0,0
9887,15.684,63.759,0,1,0
9888,2.760,362.319,1,0,0
9889,3.391,294.898,1,0,0
9890,14.108,70.882,0,1,0
9891,2.550,392.157,1,0,0
9892,2.677,373.552,1,0,0
9893,3.639,274.801,1,0,0
9894,10.622,94.144,0,1,0
9895,2.783,359.324,1,0,0
9896,3.284,304.507,1,0,0
9897,4.121,242.660,1,0,0
9898,4.577,218.484,1,0,0
9899,11.619,86.066,0,1,0
9900,3.840,260.417,1,0,0
9901,5.324,187.829,1,0,0
9902,12.024,83.167,0,1,0
9903,12.917,77.417,0,1,0
9904,12.376,80.802,0,1,0
9905,2.698,370.645,1,0,0
9906,2.419,413.394,1,0,0
9907,17.922,55.797,0,1,0
9908,2.055,486.618,1,0,0
9909,1.950,512.821,1,0,0
9910,14.815,67.499,0,1,0
9911,1.975,506.329,1,0,0
9912,16.078,62.197,0,1,0
9913,1.857,538.503,1,0,0
9914,2.245,445.434,1,0,0
9915,2.299,434.972,1,0,0
9916,2.628,380.518,1,0,0
9917,2.010,497.512,1,0,0
9918,1.981,504.796,1,0,0
9919,2.029,492.854,1,0,0
9920,13.983,71.515,0,1,0
9921,1.931,517.866,1,0,0
9922,1.657,603.500,1,0,0
9923,1.777,562.746,1,0,0
9924,3.655,273.598,1,0,0
9925,13.605,73.502,0,1,0
9926,4.804,208.160,1,0,0
9927,4.648,215.146,1,0,0
9928,17.283,57.860,0,1,0
9929,4.570,218.818,1,0,0
9930,14.536,68.795,0,1,0
9931,3.941,253.743,1,0,0
9932,17.493,57.166,0,1,0
9933,2.727,366.703,1,0,0
9934,3.957,252.717,1,0,0
9935,5.005,199.800,1,0,0
9936,18.178,55.012,0,1,0
9937,3.444,290.360,1,0,0
9938,3.799,263.227,1,0,0
9939,17.918,55.810,0,1,0
9940,18.601,53.761,0,1,0
9941,3.113,321.234,1,0,0
9942,3.416,292.740,1,0,0
9943,15.636,63.955,0,1,0
9944,4.386,227.998,1,0,0
9945,8.628,115.902,0,1,0
9946,4.061,246.245,1,0,0
9947,9.887,101.143,0,1,0
9948,3.490,286.533,1,0,0
9949,10.353,96.590,0,1,0
9950,10.516,95.093,0,1,0
9951,3.081,324.570,1,0,0
9952,1.934,517.063,1,0,0
9953,2.427,412.031,1,0,0
9954,2.425,412.371,1,0,0
9955,11.898,84.048,0,1,0
9956,2.548,392.465,1,0,0
9957,3.378,296.033,1,0,0
9958,2.263,441.891,1,0,0
9959,17.082,58.541,0,1,0
9960,15.711,63.650,0,1,0
9961,14.932,66.970,0,1,0
9962,2.939,340.252,1,0,0
9963,3.178,314.663,1,0,0
9964,2.774,360.490,1,0,0
9965,2.101,475.964,1,0,0
9966,13.640,73.314,0,1,0
9967,2.167,461.467,1,0,0
9968,3.065,326.264,1,0,0
9969,11.764,85.005,0,1,0
9970,2.711,368.868,1,0,0
9971,12.361,80.900,0,1,0
9972,11.605,86.170,0,1,0
9973,11.793,84.796,0,1,0
9974,11.685,85.580,0,1,0
9975,12.751,78.425,0,1,0
9976,12.464,80.231,0,1,0
9977,12.767,78.327,0,1,0
9978,11.718,85.339,0,1,0
9979,12.579,79.498,0,1,0
9980,14.956,66.863,0,1,0
9981,16.376,61.065,0,1,0
9982,12.938,77.292,0,1,0
9983,19.856,50.363,0,1,0
9984,21.025,47.562,0,1,0
9985,22.085,45.280,0,1,0
9986,2.764,361.795,1,0,0
9987,21.520,46.468,0,1,0
9988,20.986,47.651,0,1,0
9989,4.470,223.714,1,0,0
9990,3.958,252.653,1,0,0
9991,3.156,316.857,1,0,0
9992,2.967,337.041,1,0,0
9993,2.756,362.845,1,0,0
9994,3.475,287.770,1,0,0
9995,3.137,318.776,1,0,0
9996,2.594,385.505,1,0,0
9997,12.663,78.970,0,1,0
9998,13.006,76.888,0,1,0
9999,13.026,76.770,0,1,0
10000,2.951,338.868,1,0,0
10001,14.707,67.995,0,1,0
10002,2.497,400.481,1,0,0
10003,2.142,466.853,1,0,0
10004,2.515,397.614,1,0,0
10005,10.729,93.205,0,1,0
10006,2.084,479.846,1,0,0
10007,1.576,634.518,1,0,0
10008,11.220,89.127,0,1,0
10009,5.473,182.715,1,0,0
10010,4.690,213.220,1,0,0
10011,13.197,75.775,0,1,0
10012,4.468,223.814,1,0,0
10013,10.567,94.634,0,1,0
10014,12.726,78.579,0,1,0
10015,12.593,79.409,0,1,0
10016,12.864,77.736,0,1,0
10017,12.302,81.288,0,1,0
10018,11.766,84.991,0,1,0
10019,8.716,114.732,0,1,0
10020,8.199,121.966,0,1,0
10021,8.690,115.075,0,1,0
10022,9.431,106.033,0,1,0
10023,3.657,273.448,1,0,0
10024,4.216,237.192,1,0,0
10025,15.711,63.650,0,1,0
10026,4.045,247.219,1,0,0
10027,1.924,519.751,1,0,0
10028,2.257,443.066,1,0,0
10029,2.514,397.772,1,0,0
10030,2.657,376.364,1,0,0
10031,3.565,280.505,1,0,0
10032,9.787,102.176,0,1,0
10033,2.917,342.818,1,0,0
10034,3.895,256.739,1,0,0
10035,3.633,275.255,1,0,0
10036,9.796,102.082,0,1,0
10037,2.781,359.583,1,0,0
10038,11.029,90.670,0,1,0
10039,10.136,98.658,0,1,0
10040,2.707,369.413,1,0,0
10041,10.998,90.926,0,1,0
10042,3.060,326.797,1,0,0
10043,2.729,366.435,1,0,0
10044,2.550,392.157,1,0,0
10045,10.004,99.960,0,1,0
10046,2.837,352.485,1,0,0
10047,9.081,110.120,0,1,0
10048,2.627,380.662,1,0,0
10049,2.699,370.508,1,0,0
10050,9.724,102.838,0,1,0
10051,2.058,485.909,1,0,0
10052,2.943,339.789,1,0,0
10053,9.539,104.833,0,1,0
10054,3.576,279.642,1,0,0
10055,9.178,108.956,0,1,0
10056,4.141,241.488,1,0,0
10057,3.649,274.048,1,0,0
10058,6.822,146.585,0,1,0
10059,4.098,244.021,1,0,0
10060,3.951,253.100,1,0,0
10061,5.791,172.682,0,1,0
10062,3.855,259.403,1,0,0
10063,5.015,199.402,0,1,0
10064,5.748,173.974,0,1,0
10065,3.059,326.904,1,0,0
10066,9.307,107.446,0,1,0
10067,3.867,258.598,1,0,0
10068,10.194,98.097,0,1,0
10069,3.254,307.314,1,0,0
10070,2.848,351.124,1,0,0
10071,13.673,73.137,0,1,0
10072,9.293,107.608,0,1,0
10073,10.454,95.657,0,1,0
10074,12.507,79.955,0,1,0
10075,12.262,81.553,0,1,0
10076,11.869,84.253,0,1,0
10077,14.588,68.549,0,1,0
10078,16.321,61.271,0,1,0
10079,2.325,430.108,1,0,0
10080,2.480,403.226,1,0,0
10081,14.411,69.391,0,1,0
10082,2.069,483.325,1,0,0
10083,1.689,592.066,1,0,0
10084,2.128,469.925,1,0,0
10085,11.883,84.154,0,1,0
10086,1.750,571.429,1,0,0
10087,14.261,70.121,0,1,0
10088,3.245,308.166,1,0,0
10089,2.922,342.231,1,0,0
10090,3.747,266.880,1,0,0
10091,10.055,99.453,0,1,0
10092,9.863,101.389,0,1,0
10093,9.756,102.501,0,1,0
10094,10.075,99.256,0,1,0
10095,8.133,122.956,0,1,0
10096,2.419,413.394,1,0,0
10097,9.361,106.826,0,1,0
10098,2.017,495.786,1,0,0
10099,2.176,459.559,1,0,0
10100,8.842,113.097,0,1,0
10101,1.883,531.067,1,0,0
10102,1.976,506.073,1,0,0
10103,2.357,424.268,1,0,0
10104,2.040,490.196,1,0,0
10105,10.680,93.633,0,1,0
10106,9.978,100.220,0,1,0
10107,10.376,96.376,0,1,0
10108,2.634,379.651,1,0,0
10109,2.092,478.011,1,0,0
10110,3.220,310.559,1,0,0
10111,8.768,114.051,0,1,0
10112,2.619,381.825,1,0,0
10113,2.640,378.788,1,0,0
10114,7.564,132.205,0,1,0
10115,2.359,423.908,1,0,0
10116,3.042,328.731,1,0,0
10117,10.549,94.796,0,1,0
10118,11.132,89.831,0,1,0
10119,10.312,96.974,0,1,0
10120,3.428,291.715,1,0,0
10121,3.095,323.102,1,0,0
10122,12.531,79.802,0,1,0
10123,13.147,76.063,0,1,0
10124,11.429,87.497,0,1,0
10125,10.653,93.870,0,1,0
10126,3.596,278.087,1,0,0
10127,3.228,309.789,1,0,0
10128,3.095,323.102,1,0,0
10129,2.580,387.597,1,0,0
10130,2.167,461.467,1,0,0
10131,5.023,199.084,1,0,0
10132,10.209,97.953,0,1,0
10133,3.470,288.184,1,0,0
10134,12.803,78.107,0,1,0
10135,2.839,352.237,1,0,0
10136,5.841,171.204,1,0,0
10137,9.020,110.865,1,0,0
10138,15.117,66.151,0,1,0
10139,13.604,73.508,0,1,0
10140,4.427,225.887,1,0,0
10141,9.738,102.690,0,1,0
10142,9.414,106.225,0,1,0
10143,12.199,81.974,0,1,0
10144,12.012,83.250,0,1,0
10145,11.138,89.783,0,1,0
10146,11.271,88.723,0,1,0
10147,12.364,80.880,0,1,0
10148,6.804,146.972,1,0,0
10149,5.112,195.618,1,0,0
10150,15.238,65.625,0,1,0
10151,4.564,219.106,1,0,0
10152,4.450,224.719,1,0,0
10153,14.740,67.843,0,1,0
10154,5.652,176.929,1,0,0
10155,15.017,66.591,0,1,0
10156,4.107,243.487,1,0,0
10157,4.194,238.436,1,0,0
10158,17.282,57.864,0,1,0
10159,4.277,233.809,1,0,0
10160,12.566,79.580,0,1,0
10161,4.486,222.916,1,0,0
10162,13.507,74.036,0,1,0
10163,2.270,440.529,1,0,0
10164,1.772,564.334,1,0,0
10165,14.887,67.173,0,1,0
10166,16.083,62.177,0,1,0
10167,18.720,53.419,0,1,0
10168,18.506,54.037,0,1,0
10169,15.351,65.142,0,1,0
10170,9.808,101.958,0,1,0
10171,2.125,470.588,1,0,0
10172,2.260,442.478,1,0,0
10173,1.961,509.944,1,0,0
10174,1.868,535.332,1,0,0
10175,3.580,279.330,1,0,0
10176,7.793,128.320,0,1,0
10177,3.480,287.356,1,0,0
10178,8.714,114.758,0,1,0
10179,8.502,117.619,0,1,0
10180,7.226,138.389,0,1,0
10181,7.720,129.534,0,1,0
10182,7.240,138.122,0,1,0
10183,7.107,140.706,0,1,0
10184,7.474,133.797,0,1,0
10185,2.653,376.932,1,0,0
10186,2.027,493.340,1,0,0
10187,6.773,147.645,0,1,0
10188,8.058,124.100,0,1,0
10189,7.980,125.313,0,1,0
10190,8.097,123.503,0,1,0
10191,2.725,366.972,1,0,0
10192,1.869,535.045,1,0,0
10193,8.642,115.714,0,1,0
10194,8.821,113.366,0,1,0
10195,8.617,116.050,0,1,0
10196,8.328,120.077,0,1,0
10197,10.766,92.885,0,1,0
10198,10.699,93.467,0,1,0
10199,15.702,63.686,0,1,0
10200,1.863,536.769,1,0,0
10201,15.429,64.813,0,1,0
10202,2.556,391.236,1,0,0
10203,1.780,561.798,1,0,0
10204,17.320,57.737,0,1,0
10205,2.145,466.200,1,0,0
10206,5.972,167.448,1,0,0
10207,6.569,152.230,1,0,0
10208,3.487,286.779,1,0,0
10209,11.507,86.904,0,1,0
10210,12.065,82.884,0,1,0
10211,13.413,74.555,0,1,0
10212,14.772,67.696,0,1,0
10213,4.767,209.776,1,0,0
10214,14.749,67.801,0,1,0
10215,2.744,364.431,1,0,0
10216,2.933,340.948,1,0,0
10217,11.209,89.214,0,1,0
10218,1.905,524.934,1,0,0
10219,2.627,380.662,1,0,0
10220,1.961,509.944,1,0,0
10221,1.660,602.410,1,0,0
10222,1.654,604.595,1,0,0
10223,11.653,85.815,0,1,0
10224,2.671,374.392,1,0,0
10225,10.965,91.199,0,1,0
10226,2.683,372.717,1,0,0
10227,2.457,407.000,1,0,0
10228,3.011,332.116,1,0,0
10229,13.455,74.322,0,1,0
10230,2.837,352.485,1,0,0
10231,3.528,283.447,1,0,0
10232,6.072,164.690,1,0,0
10233,5.260,190.114,1,0,0
10234,16.046,62.321,0,1,0
10235,14.941,66.930,0,1,0
10236,3.420,292.398,1,0,0
10237,13.243,75.512,0,1,0
10238,3.721,268.745,1,0,0
10239,11.051,90.490,0,1,0
10240,3.208,311.721,1,0,0
10241,13.028,76.758,0,1,0
10242,10.447,95.721,0,1,0
10243,10.420,95.969,0,1,0
10244,2.123,471.032,1,0,0
10245,16.943,59.021,0,1,0
10246,2.039,490.436,1,0,0
10247,18.198,54.951,0,1,0
10248,17.409,57.442,0,1,0
10249,17.309,57.773,0,1,0
10250,17.079,58.551,0,1,0
10251,14.174,70.552,0,1,0
10252,12.538,79.758,0,1,0
10253,13.674,73.131,0,1,0
10254,13.687,73.062,0,1,0
10255,13.159,75.994,0,1,0
10256,10.536,94.913,0,1,0
10257,9.689,103.210,0,1,0
10258,11.374,87.920,0,1,0
10259,12.340,81.037,0,1,0
10260,14.388,69.502,0,1,0
10261,13.574,73.670,0,1,0
10262,5.498,181.884,1,0,0
10263,16.415,60.920,0,1,0
10264,4.589,217.912,1,0,0
10265,3.563,280.662,1,0,0
10266,4.051,246.853,1,0,0
10267,15.870,63.012,0,1,0
10268,11.935,83.787,0,1,0
10269,4.798,208.420,1,0,0
10270,13.951,71.679,0,1,0
10271,5.369,186.254,1,0,0
10272,11.276,88.684,0,1,0
10273,12.288,81.380,0,1,0
10274,10.335,96.759,0,1,0
10275,16.330,61.237,0,1,0
10276,16.451,60.787,0,1,0
10277,16.270,61.463,0,1,0
10278,15.758,63.460,0,1,0
10279,16.638,60.103,0,1,0
10280,11.724,85.295,0,1,0
10281,4.244,235.627,1,0,0
10282,3.917,255.297,1,0,0
10283,19.203,52.075,0,1,0
10284,2.110,473.934,1,0,0
10285,1.831,546.150,1,0,0
10286,12.331,81.096,0,1,0
10287,17.886,55.910,0,1,0
10288,16.774,59.616,0,1,0
10289,18.449,54.203,0,1,0
10290,18.125,55.172,0,1,0
10291,18.321,54.582,0,1,0
10292,18.927,52.835,0,1,0
10293,18.496,54.066,0,1,0
10294,19.192,52.105,0,1,0
10295,20.700,48.309,0,1,0
10296,19.971,50.073,0,1,0
10297,20.060,49.850,0,1,0
10298,21.243,47.074,0,1,0
10299,19.175,52.151,0,1,0
10300,15.667,63.828,0,1,0
10301,16.434,60.849,0,1,0
10302,17.845,56.038,0,1,0
10303,17.307,57.780,0,1,0
10304,1.726,579.374,1,0,0
10305,2.364,423.012,1,0,0
10306,18.150,55.096,0,1,0
10307,16.388,61.020,0,1,0
10308,17.331,57.700,0,1,0
10309,15.624,64.004,0,1,0
10310,15.746,63.508,0,1,0
10311,6.076,164.582,1,0,0
10312,15.691,63.731,0,1,0
10313,5.014,199.442,1,0,0
10314,12.278,81.446,0,1,0
10315,4.068,245.821,1,0,0
10316,4.329,231.000,1,0,0
10317,3.801,263.089,1,0,0
10318,8.235,121.433,0,1,0
10319,3.095,323.102,1,0,0
10320,2.322,430.663,1,0,0
10321,7.287,137.231,0,1,0
10322,8.433,118.582,0,1,0
10323,8.851,112.982,0,1,0
10324,7.804,128.139,0,1,0
10325,10.825,92.379,0,1,0
10326,12.388,80.723,0,1,0
10327,12.979,77.048,0,1,0
10328,4.310,232.019,1,0,0
10329,17.791,56.208,0,1,0
10330,3.696,270.563,1,0,0
10331,3.364,297.265,1,0,0
10332,4.411,226.706,1,0,0
10333,2.140,467.290,1,0,0
10334,4.418,226.347,1,0,0
10335,17.782,56.237,0,1,0
10336,17.261,57.934,0,1,0
10337,3.996,250.250,1,0,0
10338,2.284,437.828,1,0,0
10339,14.141,70.716,0,1,0
10340,14.543,68.762,0,1,0
10341,14.448,69.214,0,1,0
10342,16.782,59.588,0,1,0
10343,14.628,68.362,0,1,0
10344,15.209,65.751,0,1,0
10345,14.541,68.771,0,1,0
10346,2.928,341.530,1,0,0
10347,3.001,333.222,1,0,0
10348,11.373,87.928,0,1,0
10349,10.945,91.366,0,1,0
10350,10.226,97.790,0,1,0
10351,10.146,98.561,0,1,0
10352,5.486,182.282,1,0,0
10353,3.079,324.781,1,0,0
10354,4.557,219.443,1,0,0
10355,6.846,146.071,0,1,0
10356,4.857,205.888,1,0,0
10357,7.093,140.984,0,1,0
10358,4.127,242.307,1,0,0
10359,7.861,127.210,0,1,0
10360,4.545,220.022,1,0,0
10361,10.236,97.694,0,1,0
10362,11.652,85.822,0,1,0
10363,9.727,102.807,0,1,0
10364,10.290,97.182,0,1,0
10365,10.998,90.926,0,1,0
10366,10.609,94.260,0,1,0
10367,3.838,260.552,1,0,0
10368,8.421,118.751,0,1,0
10369,2.342,426.985,1,0,0
10370,3.205,312.012,1,0,0
10371,8.057,124.116,0,1,0
10372,2.684,372.578,1,0,0
10373,2.385,419.287,1,0,0
10374,2.485,402.414,1,0,0
10375,4.026,248.385,1,0,0
10376,6.819,146.649,0,1,0
10377,6.590,151.745,0,1,0
10378,7.231,138.293,0,1,0
10379,8.991,111.222,0,1,0
10380,9.792,102.124,0,1,0
10381,10.664,93.773,0,1,0
10382,11.104,90.058,0,1,0
10383,13.852,72.192,0,1,0
10384,14.681,68.115,0,1,0
10385,16.057,62.278,0,1,0
10386,18.433,54.251,0,1,0
10387,17.054,58.637,0,1,0
10388,18.818,53.141,0,1,0
10389,3.245,308.166,1,0,0
10390,3.935,254.130,1,0,0
10391,3.671,272.405,1,0,0
10392,12.279,81.440,0,1,0
10393,3.441,290.613,1,0,0
10394,13.480,74.184,0,1,0
10395,12.915,77.429,0,1,0
10396,13.501,74.069,0,1,0
10397,12.285,81.400,0,1,0
10398,6.329,158.003,1,0,0
10399,14.190,70.472,0,1,0
10400,12.097,82.665,0,1,0
10401,17.903,55.857,0,1,0
10402,17.106,58.459,0,1,0
10403,2.783,359.324,1,0,0
10404,14.658,68.222,0,1,0
10405,2.896,345.304,1,0,0
10406,3.133,319.183,1,0,0
10407,15.118,66.146,0,1,0
10408,2.287,437.254,1,0,0
10409,2.368,422.297,1,0,0
10410,3.243,308.356,1,0,0
10411,14.813,67.508,0,1,0
10412,17.400,57.471,0,1,0
10413,5.528,180.897,1,0,0
10414,4.537,220.410,1,0,0
10415,15.702,63.686,0,1,0
10416,5.647,177.085,1,0,0
10417,5.332,187.547,1,0,0
10418,4.443,225.073,1,0,0
10419,15.768,63.420,0,1,0
10420,4.547,219.925,1,0,0
10421,4.615,216.685,1,0,0
10422,3.822,261.643,1,0,0
10423,16.350,61.162,0,1,0
10424,2.991,334.336,1,0,0
10425,16.521,60.529,0,1,0
10426,2.314,432.152,1,0,0
10427,1.268,788.644,1,0,0
10428,13.744,72.759,0,1,0
10429,1.812,551.876,1,0,0
10430,2.104,475.285,1,0,0
10431,2.791,358.295,1,0,0
10432,11.775,84.926,0,1,0
10433,10.971,91.149,0,1,0
10434,3.089,323.729,1,0,0
10435,2.115,472.813,1,0,0
10436,10.334,96.768,0,1,0
10437,2.790,358.423,1,0,0
10438,2.600,384.615,1,0,0
10439,3.282,304.692,1,0,0
10440,8.497,117.689,0,1,0
10441,11.367,87.974,0,1,0
10442,11.620,86.059,0,1,0
10443,11.326,88.292,0,1,0
10444,9.324,107.250,0,1,0
10445,12.514,79.911,0,1,0
10446,3.727,268.312,1,0,0
10447,17.743,56.360,0,1,0
10448,3.195,312.989,1,0,0
10449,14.303,69.915,0,1,0
10450,3.211,311.429,1,0,0
10451,3.735,267.738,1,0,0
10452,2.549,392.311,1,0,0
10453,12.899,77.525,0,1,0
10454,4.300,232.558,1,0,0
10455,13.809,72.417,0,1,0
10456,3.505,285.307,1,0,0
10457,4.216,237.192,1,0,0
10458,12.913,77.441,0,1,0
10459,13.640,73.314,0,1,0
10460,14.040,71.225,0,1,0
10461,14.826,67.449,0,1,0
10462,13.804,72.443,0,1,0
10463,10.808,92.524,0,1,0
10464,3.849,259.808,1,0,0
10465,3.140,318.471,1,0,0
10466,3.621,276.167,1,0,0
10467,8.597,116.320,0,1,0
10468,3.701,270.197,1,0,0
10469,8.455,118.273,0,1,0
10470,2.158,463.392,1,0,0
10471,2.583,387.147,1,0,0
10472,2.494,400.962,1,0,0
10473,9.159,109.182,0,1,0
10474,2.443,409.333,1,0,0
10475,11.626,86.014,0,1,0
10476,2.526,395.883,1,0,0
10477,10.034,99.661,0,1,0
10478,2.765,361.664,1,0,0
10479,2.551,392.003,1,0,0
10480,2.215,451.467,1,0,0
10481,9.544,104.778,0,1,0
10482,2.825,353.982,1,0,0
10483,9.783,102.218,0,1,0
10484,11.890,84.104,0,1,0
10485,11.119,89.936,0,1,0
10486,11.716,85.353,0,1,0
10487,13.439,74.410,0,1,0
10488,13.670,73.153,0,1,0
10489,14.861,67.290,0,1,0
10490,15.462,64.675,0,1,0
10491,15.370,65.062,0,1,0
10492,12.169,82.176,0,1,0
10493,5.405,185.014,1,0,0
10494,3.001,333.222,1,0,0
10495,10.341,96.702,0,1,0
10496,3.527,283.527,1,0,0
10497,11.797,84.767,0,1,0
10498,3.142,318.269,1,0,0
10499,1.768,565.611,1,0,0
10500,9.400,106.383,0,1,0
10501,11.234,89.015,0,1,0
10502,8.729,114.561,0,1,0
10503,4.088,244.618,1,0,0
10504,3.966,252.143,1,0,0
10505,7.360,135.870,0,1,0
10506,4.327,231.107,1,0,0
10507,8.256,121.124,0,1,0
10508,3.491,286.451,1,0,0
10509,2.849,351.000,1,0,0
10510,3.824,261.506,1,0,0
10511,4.489,222.767,0,1,0
10512,3.728,268.240,1,0,0
10513,2.825,353.982,1,0,0
10514,8.732,114.521,0,1,0
10515,8.750,114.286,0,1,0
10516,8.908,112.259,0,1,0
10517,9.674,103.370,0,1,0
10518,7.725,129.450,0,1,0
10519,4.455,224.467,1,0,0
10520,10.531,94.958,0,1,0
10521,5.825,171.674,1,0,0
10522,9.821,101.823,0,1,0
10523,9.668,103.434,0,1,0
10524,11.846,84.417,0,1,0
10525,11.456,87.291,0,1,0
10526,10.269,97.380,0,1,0
10527,9.643,103.702,0,1,0
10528,10.373,96.404,0,1,0
10529,8.520,117.371,0,1,0
10530,3.509,284.981,1,0,0
10531,4.129,242.189,1,0,0
10532,6.784,147.406,0,1,0
10533,8.136,122.911,0,1,0
10534,7.633,131.010,0,1,0
10535,9.061,110.363,0,1,0
10536,9.750,102.564,0,1,0
10537,12.227,81.786,0,1,0
10538,14.873,67.236,0,1,0
10539,4.586,218.055,1,0,0
10540,3.907,255.951,1,0,0
10541,13.794,72.495,0,1,0
10542,2.962,337.610,1,0,0
10543,3.885,257.400,1,0,0
10544,2.314,432.152,1,0,0
10545,1.647,607.165,1,0,0
10546,2.718,367.918,1,0,0
10547,2.601,384.468,1,0,0
10548,2.794,357.910,1,0,0
10549,10.700,93.458,0,1,0
10550,2.548,392.465,1,0,0
10551,11.607,86.155,0,1,0
10552,4.860,205.761,1,0,0
10553,15.952,62.688,0,1,0
10554,3.637,274.952,1,0,0
10555,17.753,56.329,0,1,0
10556,4.042,247.402,1,0,0
10557,12.797,78.143,0,1,0
10558,2.301,434.594,1,0,0
10559,12.787,78.204,0,1,0
10560,2.193,455.996,1,0,0
10561,2.531,395.101,1,0,0
10562,4.643,215.378,1,0,0
10563,13.461,74.289,0,1,0
10564,4.188,238.777,1,0,0
10565,15.816,63.227,0,1,0
10566,4.000,250.000,1,0,0
10567,3.297,303.306,1,0,0
10568,2.830,353.357,1,0,0
10569,4.578,218.436,1,0,0
10570,3.882,257.599,1,0,0
10571,4.971,201.167,1,0,0
10572,10.445,95.740,0,1,0
10573,2.706,369.549,1,0,0
10574,4.547,219.925,1,0,0
10575,5.642,177.242,1,0,0
10576,12.126,82.467,0,1,0
10577,4.120,242.718,1,0,0
10578,10.397,96.182,0,1,0
10579,2.265,441.501,1,0,0
10580,2.384,419.463,1,0,0
10581,14.971,66.796,0,1,0
10582,2.389,418.585,1,0,0
10583,3.075,325.203,1,0,0
10584,17.120,58.411,0,1,0
10585,2.497,400.481,1,0,0
10586,19.875,50.314,0,1,0
10587,2.367,422.476,1,0,0
10588,21.330,46.882,0,1,0
10589,3.378,296.033,1,0,0
10590,4.742,210.881,1,0,0
10591,4.488,222.816,1,0,0
10592,4.377,228.467,1,0,0
10593,4.021,248.694,1,0,0
10594,21.533,46.440,0,1,0
10595,5.135,194.742,1,0,0
10596,2.588,386.399,1,0,0
10597,18.395,54.363,0,1,0
10598,2.322,430.663,1,0,0
10599,15.850,63.091,0,1,0
10600,16.966,58.941,0,1,0
10601,3.076,325.098,1,0,0
10602,2.328,429.553,1,0,0
10603,2.495,400.802,1,0,0
10604,13.726,72.854,0,1,0
10605,16.696,59.895,0,1,0
10606,5.155,193.986,1,0,0
10607,16.313,61.301,0,1,0
10608,17.771,56.271,0,1,0
10609,16.707,59.855,0,1,0
10610,7.049,141.864,1,0,0
10611,15.196,65.807,0,1,0
10612,5.473,182.715,1,0,0
10613,6.520,153.374,1,0,0
10614,6.132,163.079,1,0,0
10615,15.086,66.287,0,1,0
10616,4.929,202.881,1,0,0
10617,3.214,311.139,1,0,0
10618,4.074,245.459,1,0,0
10619,9.278,107.782,0,1,0
10620,3.421,292.312,1,0,0
10621,2.572,388.802,1,0,0
10622,10.739,93.119,0,1,0
10623,2.129,469.704,1,0,0
10624,3.097,322.893,1,0,0
10625,14.571,68.629,0,1,0
10626,20.109,49.729,0,1,0
10627,2.092,478.011,1,0,0
10628,2.914,343.171,1,0,0
10629,17.940,55.741,0,1,0
10630,19.064,52.455,0,1,0
10631,18.159,55.069,0,1,0
10632,16.372,61.080,0,1,0
10633,15.689,63.739,0,1,0
10634,17.604,56.805,0,1,0
10635,17.136,58.357,0,1,0
10636,18.045,55.417,0,1,0
10637,18.138,55.133,0,1,0
10638,3.411,293.169,1,0,0
10639,3.136,318.878,1,0,0
10640,16.707,59.855,0,1,0
10641,3.328,300.481,1,0,0
10642,3.974,251.636,1,0,0
10643,16.112,62.066,0,1,0
10644,4.039,247.586,1,0,0
10645,8.507,117.550,1,0,0
10646,14.050,71.174,0,1,0
10647,8.567,116.727,1,0,0
10648,3.931,254.388,1,0,0
10649,4.015,249.066,1,0,0
10650,2.246,445.236,1,0,0
10651,12.674,78.902,0,1,0
10652,3.101,322.477,1,0,0
10653,2.102,475.737,1,0,0
10654,11.878,84.189,0,1,0
10655,2.565,389.864,1,0,0
10656,12.421,80.509,0,1,0
10657,2.282,438.212,1,0,0
10658,13.145,76.075,0,1,0
10659,1.591,628.536,1,0,0
10660,2.437,410.341,1,0,0
10661,9.343,107.032,0,1,0
10662,12.248,81.646,0,1,0
10663,12.982,77.030,0,1,0
10664,14.470,69.109,0,1,0
10665,2.198,454.959,1,0,0
10666,14.627,68.367,0,1,0
10667,1.996,501.002,1,0,0
10668,1.610,621.118,1,0,0
10669,14.015,71.352,0,1,0
10670,14.161,70.616,0,1,0
10671,15.104,66.208,0,1,0
10672,14.236,70.244,0,1,0
10673,14.346,69.706,0,1,0
10674,14.445,69.228,0,1,0
10675,4.106,243.546,1,0,0
10676,4.148,241.080,1,0,0
10677,17.988,55.593,0,1,0
10678,4.046,247.158,1,0,0
10679,3.693,270.783,1,0,0
10680,18.463,54.162,0,1,0
10681,3.625,275.862,1,0,0
10682,4.043,247.341,1,0,0
10683,18.871,52.991,0,1,0
10684,4.332,230.840,1,0,0
10685,1.864,536.481,1,0,0
10686,1.846,541.712,1,0,0
10687,2.003,499.251,1,0,0
10688,18.509,54.028,0,1,0
10689,5.208,192.012,1,0,0
10690,20.670,48.379,0,1,0
10691,4.323,231.321,1,0,0
10692,19.648,50.896,0,1,0
10693,3.870,258.398,1,0,0
10694,17.856,56.004,0,1,0
10695,16.297,61.361,0,1,0
10696,5.314,188.182,1,0,0
10697,4.445,224.972,1,0,0
10698,15.575,64.205,0,1,0
10699,14.464,69.137,0,1,0
10700,2.372,421.585,1,0,0
10701,1.968,508.130,1,0,0
10702,3.254,307.314,1,0,0
10703,2.814,355.366,1,0,0
10704,2.943,339.789,1,0,0
10705,16.308,61.320,0,1,0
10706,4.376,228.519,1,0,0
10707,4.661,214.546,1,0,0
10708,3.352,298.329,1,0,0
10709,13.496,74.096,0,1,0
10710,13.514,73.997,0,1,0
10711,15.197,65.802,0,1,0
10712,15.740,63.532,0,1,0
10713,4.421,226.193,1,0,0
10714,3.760,265.957,1,0,0
10715,17.352,57.630,0,1,0
10716,3.618,276.396,1,0,0
10717,4.703,212.630,1,0,0
10718,15.915,62.834,0,1,0
10719,18.996,52.643,0,1,0
10720,3.697,270.490,1,0,0
10721,3.415,292.826,1,0,0
10722,15.901,62.889,0,1,0
10723,4.814,207.727,1,0,0
10724,3.963,252.334,1,0,0
10725,6.312,158.428,1,0,0
10726,14.358,69.648,0,1,0
10727,4.217,237.135,1,0,0
10728,3.804,262.881,1,0,0
10729,15.252,65.565,0,1,0
10730,2.965,337.268,1,0,0
10731,13.685,73.073,0,1,0
10732,17.355,57.620,0,1,0
10733,4.712,212.224,1,0,0
10734,3.763,265.745,1,0,0
10735,3.013,331.895,1,0,0
10736,2.616,382.263,1,0,0
10737,2.865,349.040,1,0,0
10738,17.267,57.914,0,1,0
10739,17.503,57.133,0,1,0
10740,19.414,51.509,0,1,0
10741,20.584,48.581,0,1,0
10742,4.336,230.627,1,0,0
10743,3.676,272.035,1,0,0
10744,5.517,181.258,1,0,0
10745,21.954,45.550,0,1,0
10746,3.791,263.783,1,0,0
10747,2.690,371.747,1,0,0
10748,24.184,41.350,0,1,0
10749,2.458,406.835,1,0,0
10750,3.931,254.388,1,0,0
10751,21.356,46.825,0,1,0
10752,4.077,245.278,1,0,0
10753,17.676,56.574,0,1,0
10754,16.922,59.095,0,1,0
10755,15.520,64.433,0,1,0
10756,16.163,61.870,0,1,0
10757,17.029,58.723,0,1,0
10758,18.433,54.251,0,1,0
10759,3.485,286.944,1,0,0
10760,3.671,272.405,1,0,0
10761,2.711,368.868,1,0,0
10762,2.991,334.336,1,0,0
10763,3.159,316.556,1,0,0
10764,3.278,305.064,1,0,0
10765,3.356,297.974,1,0,0
10766,3.330,300.300,1,0,0
10767,15.023,66.565,0,1,0
10768,3.270,305.810,1,0,0
10769,3.102,322.373,1,0,0
10770,15.183,65.863,0,1,0
10771,3.807,262.674,1,0,0
10772,14.698,68.036,0,1,0
10773,2.088,478.927,1,0,0
10774,2.872,348.189,1,0,0
10775,17.533,57.035,0,1,0
10776,2.512,398.089,1,0,0
10777,2.834,352.858,1,0,0
10778,2.285,437.637,1,0,0
10779,18.749,53.336,0,1,0
10780,2.521,396.668,1,0,0
10781,17.877,55.938,0,1,0
10782,2.281,438.404,1,0,0
10783,2.109,474.158,1,0,0
10784,2.358,424.088,1,0,0
10785,2.372,421.585,1,0,0
10786,2.405,415.800,1,0,0
10787,1.973,506.842,1,0,0
10788,16.872,59.270,0,1,0
10789,2.506,399.042,1,0,0
10790,5.231,191.168,1,0,0
10791,15.555,64.288,0,1,0
10792,4.571,218.771,1,0,0
10793,3.842,260.281,1,0,0
10794,1.802,554.939,1,0,0
10795,13.206,75.723,0,1,0
10796,15.906,62.869,0,1,0
10797,3.292,303.767,1,0,0
10798,14.071,71.068,0,1,0
10799,3.143,318.167,1,0,0
10800,3.215,311.042,1,0,0
10801,13.305,75.160,0,1,0
10802,2.360,423.729,1,0,0
10803,2.562,390.320,1,0,0
10804,13.832,72.296,0,1,0
10805,2.623,381.243,1,0,0
10806,13.050,76.628,0,1,0
10807,2.520,396.825,1,0,0
10808,14.008,71.388,0,1,0
10809,5.286,189.179,1,0,0
10810,16.330,61.237,0,1,0
10811,4.506,221.926,1,0,0
10812,17.469,57.244,0,1,0
10813,3.685,271.370,1,0,0
10814,2.905,344.234,1,0,0
10815,2.531,395.101,1,0,0
10816,3.178,314.663,1,0,0
10817,16.638,60.103,0,1,0
10818,3.372,296.560,1,0,0
10819,15.495,64.537,0,1,0
10820,16.213,61.679,0,1,0
10821,17.277,57.880,0,1,0
10822,14.415,69.372,0,1,0
10823,12.890,77.580,0,1,0
10824,11.732,85.237,0,1,0
10825,11.327,88.285,0,1,0
10826,14.309,69.886,0,1,0
10827,15.996,62.516,0,1,0
10828,17.931,55.769,0,1,0
10829,18.610,53.735,0,1,0
10830,19.132,52.268,0,1,0
10831,16.908,59.144,0,1,0
10832,22.569,44.309,0,1,0
10833,18.579,53.824,0,1,0
10834,18.122,55.182,0,1,0
10835,17.532,57.039,0,1,0
10836,18.585,53.807,0,1,0
10837,18.002,55.549,0,1,0
10838,18.340,54.526,0,1,0
10839,20.502,48.776,0,1,0
10840,20.440,48.924,0,1,0
10841,18.089,55.282,0,1,0
10842,18.025,55.479,0,1,0
10843,16.319,61.278,0,1,0
10844,18.913,52.874,0,1,0
10845,18.521,53.993,0,1,0
10846,2.526,395.883,1,0,0
10847,4.596,217.581,1,0,0
10848,3.796,263.435,1,0,0
10849,4.414,226.552,1,0,0
10850,19.553,51.143,0,1,0
10851,2.834,352.858,1,0,0
10852,16.521,60.529,0,1,0
10853,17.271,57.901,0,1,0
10854,16.910,59.137,0,1,0
10855,17.633,56.712,0,1,0
10856,15.572,64.218,0,1,0
10857,16.173,61.831,0,1,0
10858,16.959,58.966,0,1,0
10859,17.269,57.907,0,1,0
10860,3.749,266.738,1,0,0
10861,2.795,357.782,1,0,0
10862,3.197,312.793,1,0,0
10863,2.427,412.031,1,0,0
10864,2.572,388.802,1,0,0
10865,3.261,306.654,1,0,0
10866,17.923,55.794,0,1,0
10867,19.294,51.830,0,1,0
10868,5.429,184.196,1,0,0
10869,19.346,51.690,0,1,0
10870,4.211,237.473,1,0,0
10871,3.272,305.623,1,0,0
10872,19.631,50.940,0,1,0
10873,3.625,275.862,1,0,0
10874,3.294,303.582,1,0,0
10875,19.899,50.254,0,1,0
10876,3.408,293.427,1,0,0
10877,4.586,218.055,1,0,0
10878,15.159,65.967,0,1,0
10879,15.291,65.398,0,1,0
10880,13.464,74.272,0,1,0
10881,13.631,73.362,0,1,0
10882,10.312,96.974,0,1,0
10883,10.353,96.590,0,1,0
10884,9.377,106.644,0,1,0
10885,10.385,96.293,0,1,0
10886,10.101,99.000,0,1,0
10887,15.428,64.817,0,1,0
10888,14.629,68.357,0,1,0
10889,15.977,62.590,0,1,0
10890,14.725,67.912,0,1,0
10891,18.974,52.704,0,1,0
10892,14.933,66.966,0,1,0
10893,4.321,231.428,1,0,0
10894,5.501,181.785,1,0,0
10895,16.633,60.121,0,1,0
10896,4.296,232.775,1,0,0
10897,5.004,199.840,1,0,0
10898,13.495,74.102,0,1,0
10899,14.909,67.074,0,1,0
10900,13.835,72.280,0,1,0
10901,14.594,68.521,0,1,0
10902,15.693,63.723,0,1,0
10903,15.573,64.214,0,1,0
10904,15.132,66.085,0,1,0
10905,13.639,73.319,0,1,0
10906,13.524,73.943,0,1,0
10907,17.186,58.187,0,1,0
10908,3.419,292.483,1,0,0
10909,3.007,332.557,1,0,0
10910,15.654,63.881,0,1,0
10911,3.070,325.733,1,0,0
10912,2.497,400.481,1,0,0
10913,3.262,306.560,1,0,0
10914,1.456,686.813,1,0,0
10915,1.996,501.002,1,0,0
10916,12.012,83.250,0,1,0
10917,1.803,554.631,1,0,0
10918,1.484,673.854,1,0,0
10919,1.624,615.764,1,0,0
10920,10.793,92.653,0,1,0
10921,3.063,326.477,1,0,0
10922,1.946,513.875,1,0,0
10923,4.244,235.627,1,0,0
10924,4.176,239.464,1,0,0
10925,9.104,109.842,0,1,0
10926,11.721,85.317,0,1,0
10927,3.719,268.889,1,0,0
10928,2.623,381.243,1,0,0
10929,4.744,210.793,1,0,0
10930,13.098,76.348,0,1,0
10931,6.005,166.528,1,0,0
10932,3.900,256.410,1,0,0
10933,13.641,73.308,0,1,0
10934,6.781,147.471,1,0,0
10935,14.722,67.926,0,1,0
10936,9.591,104.264,0,1,0
10937,11.143,89.742,0,1,0
10938,11.190,89.366,0,1,0
10939,12.049,82.994,0,1,0
10940,12.674,78.902,0,1,0
10941,2.848,351.124,1,0,0
10942,2.846,351.370,1,0,0
10943,10.136,98.658,0,1,0
10944,2.171,460.617,1,0,0
10945,13.177,75.890,0,1,0
10946,2.106,474.834,1,0,0
10947,2.096,477.099,1,0,0
10948,12.463,80.238,0,1,0
10949,2.410,414.938,1,0,0
10950,2.604,384.025,1,0,0
10951,2.697,370.782,1,0,0
10952,2.400,416.667,1,0,0
10953,12.713,78.660,0,1,0
10954,1.854,539.374,1,0,0
10955,2.082,480.307,1,0,0
10956,2.258,442.870,1,0,0
10957,3.096,322.997,1,0,0
10958,2.502,399.680,1,0,0
10959,16.112,62.066,0,1,0
10960,3.706,269.833,1,0,0
10961,2.992,334.225,1,0,0
10962,14.311,69.876,0,1,0
10963,2.550,392.157,1,0,0
10964,13.444,74.383,0,1,0
10965,3.758,266.099,1,0,0
10966,11.566,86.460,0,1,0
10967,12.131,82.433,0,1,0
10968,9.586,104.319,0,1,0
10969,9.673,103.381,0,1,0
10970,4.297,232.721,1,0,0
10971,3.011,332.116,1,0,0
10972,1.974,506.586,1,0,0
10973,5.159,193.836,0,1,0
10974,2.773,360.620,1,0,0
10975,4.299,232.612,1,0,0
10976,3.894,256.805,1,0,0
10977,4.078,245.218,0,1,0
10978,5.572,179.469,0,1,0
10979,5.281,189.358,1,0,0
10980,11.394,87.765,0,1,0
10981,6.159,162.364,1,0,0
10982,9.186,108.861,0,1,0
10983,3.803,262.950,1,0,0
10984,3.735,267.738,1,0,0
10985,3.322,301.023,1,0,0
10986,6.560,152.439,0,1,0
10987,2.102,475.737,1,0,0
10988,11.469,87.192,0,1,0
10989,11.895,84.069,0,1,0
10990,12.342,81.024,0,1,0
10991,12.049,82.994,0,1,0
10992,4.688,213.311,1,0,0
10993,3.150,317.460,1,0,0
10994,12.017,83.215,0,1,0
10995,2.298,435.161,1,0,0
10996,1.958,510.725,1,0,0
10997,2.688,372.024,1,0,0
10998,3.163,316.156,1,0,0
10999,11.336,88.215,0,1,0
11000,3.279,304.971,1,0,0
11001,2.518,397.141,1,0,0
11002,2.490,401.606,1,0,0
11003,1.859,537.924,1,0,0
11004,11.167,89.550,0,1,0
11005,2.457,407.000,1,0,0
11006,4.235,236.128,1,0,0
11007,2.443,409.333,1,0,0
11008,11.837,84.481,0,1,0
11009,3.611,276.932,1,0,0
11010,12.415,80.548,0,1,0
11011,13.509,74.025,0,1,0
11012,13.363,74.833,0,1,0
11013,14.139,70.726,0,1,0
11014,3.826,261.370,1,0,0
11015,4.982,200.723,1,0,0
11016,1.414,707.214,1,0,0
11017,3.885,257.400,1,0,0
11018,19.572,51.093,0,1,0
11019,4.323,231.321,1,0,0
11020,15.809,63.255,0,1,0
11021,2.351,425.351,1,0,0
11022,17.916,55.816,0,1,0
11023,2.659,376.081,1,0,0
11024,17.010,58.789,0,1,0
11025,2.433,411.015,1,0,0
11026,1.591,628.536,1,0,0
11027,2.281,438.404,1,0,0
11028,2.508,398.724,1,0,0
11029,2.229,448.632,1,0,0
11030,14.000,71.429,0,1,0
11031,2.085,479.616,1,0,0
11032,14.535,68.799,0,1,0
11033,2.172,460.405,1,0,0
11034,2.442,409.500,1,0,0
11035,14.108,70.882,0,1,0
11036,1.913,522.739,1,0,0
11037,2.057,486.145,1,0,0
11038,2.215,451.467,1,0,0
11039,2.663,375.516,1,0,0
11040,2.625,380.952,1,0,0
11041,1.545,647.249,1,0,0
11042,2.128,469.925,1,0,0
11043,12.478,80.141,0,1,0
11044,11.662,85.749,0,1,0
11045,12.517,79.891,0,1,0
11046,14.669,68.171,0,1,0
11047,13.467,74.256,0,1,0
11048,13.744,72.759,0,1,0
11049,12.610,79.302,0,1,0
11050,3.438,290.867,1,0,0
11051,3.222,310.366,1,0,0
11052,14.605,68.470,0,1,0
11053,2.852,350.631,1,0,0
11054,3.954,252.908,1,0,0
11055,4.804,208.160,1,0,0
11056,9.465,105.652,0,1,0
11057,9.545,104.767,0,1,0
11058,2.538,394.011,1,0,0
11059,2.589,386.250,1,0,0
11060,2.262,442.087,1,0,0
11061,3.116,320.924,1,0,0
11062,2.609,383.289,1,0,0
11063,2.483,402.739,1,0,0
11064,7.570,132.100,0,1,0
11065,2.621,381.534,1,0,0
11066,3.705,269.906,1,0,0
11067,9.906,100.949,0,1,0
11068,9.260,107.991,0,1,0
11069,10.395,96.200,0,1,0
11070,10.709,93.379,0,1,0
11071,11.406,87.673,0,1,0
11072,4.056,246.548,1,0,0
11073,15.395,64.956,0,1,0
11074,2.254,443.656,1,0,0
11075,1.896,527.426,1,0,0
11076,3.998,250.125,1,0,0
11077,12.393,80.691,0,1,0
11078,4.596,217.581,1,0,0
11079,8.689,115.088,1,0,0
11080,11.894,84.076,0,1,0
11081,10.657,93.835,0,1,0
11082,12.600,79.365,0,1,0
11083,6.719,148.832,1,0,0
11084,3.376,296.209,1,0,0
11085,3.277,305.157,1,0,0
11086,16.920,59.102,0,1,0
11087,2.927,341.647,1,0,0
11088,5.793,172.622,1,0,0
11089,15.554,64.292,0,1,0
11090,4.647,215.193,1,0,0
11091,4.459,224.266,1,0,0
11092,16.517,60.544,0,1,0
11093,4.043,247.341,1,0,0
11094,13.187,75.832,0,1,0
11095,12.831,77.936,0,1,0
11096,11.124,89.896,0,1,0
11097,9.736,102.712,0,1,0
11098,8.896,112.410,0,1,0
11099,10.084,99.167,0,1,0
11100,5.226,191.351,1,0,0
11101,5.743,174.125,1,0,0
11102,4.661,214.546,1,0,0
11103,4.256,234.962,1,0,0
11104,2.704,369.822,1,0,0
11105,9.946,100.543,0,1,0
11106,2.614,382.555,1,0,0
11107,11.174,89.493,0,1,0
11108,11.048,90.514,0,1,0
11109,11.807,84.696,0,1,0
11110,11.842,84.445,0,1,0
11111,8.666,115.393,0,1,0
11112,5.770,173.310,1,0,0
11113,14.801,67.563,0,1,0
11114,6.622,151.012,1,0,0
11115,2.876,347.705,1,0,0
11116,2.260,442.478,1,0,0
11117,2.028,493.097,1,0,0
11118,11.474,87.154,0,1,0
11119,2.774,360.490,1,0,0
11120,12.583,79.472,0,1,0
11121,2.519,396.983,1,0,0
11122,1.799,555.864,1,0,0
11123,12.710,78.678,0,1,0
11124,2.107,474.608,1,0,0
11125,2.358,424.088,1,0,0
11126,11.218,89.142,0,1,0
11127,2.141,467.071,1,0,0
11128,10.684,93.598,0,1,0
11129,1.741,574.383,1,0,0
11130,14.251,70.171,0,1,0
11131,13.435,74.432,0,1,0
11132,15.916,62.830,0,1,0
11133,18.292,54.669,0,1,0
11134,17.413,57.428,0,1,0
11135,18.108,55.224,0,1,0
11136,17.925,55.788,0,1,0
11137,23.830,41.964,0,1,0
11138,24.600,40.650,0,1,0
11139,4.439,225.276,1,0,0
11140,3.803,262.950,1,0,0
11141,3.142,318.269,1,0,0
11142,23.352,42.823,0,1,0
11143,3.841,260.349,1,0,0
11144,9.409,106.281,1,0,0
11145,21.360,46.816,0,1,0
11146,3.605,277.393,1,0,0
11147,5.267,189.861,1,0,0
11148,16.637,60.107,0,1,0
11149,4.887,204.625,1,0,0
11150,16.803,59.513,0,1,0
11151,3.835,260.756,1,0,0
11152,17.540,57.013,0,1,0
11153,1.707,585.823,1,0,0
11154,14.658,68.222,0,1,0
11155,2.477,403.714,1,0,0
11156,2.047,488.520,1,0,0
11157,16.539,60.463,0,1,0
11158,2.316,431.779,1,0,0
11159,14.319,69.837,0,1,0
11160,2.620,381.679,1,0,0
11161,2.178,459.137,1,0,0
11162,5.825,171.674,1,0,0
11163,4.933,202.716,1,0,0
11164,6.605,151.400,1,0,0
11165,4.759,210.128,1,0,0
11166,15.436,64.784,0,1,0
11167,14.342,69.725,0,1,0
11168,4.046,247.158,1,0,0
11169,2.321,430.849,1,0,0
11170,10.846,92.200,0,1,0
11171,2.835,352.734,1,0,0
11172,12.572,79.542,0,1,0
11173,2.381,419.992,1,0,0
11174,2.804,356.633,1,0,0
11175,2.407,415.455,1,0,0
11176,2.236,447.227,1,0,0
11177,13.504,74.052,0,1,0
11178,1.658,603.136,1,0,0
11179,3.296,303.398,1,0,0
11180,16.504,60.591,0,1,0
11181,3.029,330.142,1,0,0
11182,1.697,589.275,1,0,0
11183,3.005,332.779,1,0,0
11184,2.921,342.349,1,0,0
11185,15.565,64.247,0,1,0
11186,2.133,468.823,1,0,0
11187,3.173,315.159,1,0,0
11188,3.129,319.591,1,0,0
11189,2.352,425.170,1,0,0
11190,13.317,75.092,0,1,0
11191,13.599,73.535,0,1,0
11192,13.065,76.540,0,1,0
11193,11.816,84.631,0,1,0
11194,5.286,189.179,1,0,0
11195,10.805,92.550,0,1,0
11196,2.293,436.110,1,0,0
11197,12.341,81.031,0,1,0
11198,1.688,592.417,1,0,0
11199,2.000,500.000,1,0,0
11200,12.635,79.145,0,1,0
11201,11.840,84.459,0,1,0
11202,1.685,593.472,1,0,0
11203,11.572,86.415,0,1,0
11204,9.673,103.381,0,1,0
11205,2.399,416.840,1,0,0
11206,1.842,542.888,1,0,0
11207,2.278,438.982,1,0,0
11208,2.694,371.195,1,0,0
11209,7.473,133.815,0,1,0
11210,2.681,372.995,1,0,0
11211,2.628,380.518,1,0,0
11212,2.028,493.097,1,0,0
11213,7.582,131.891,0,1,0
11214,2.846,351.370,1,0,0
11215,2.715,368.324,1,0,0
11216,7.301,136.968,0,1,0
11217,4.807,208.030,1,0,0
11218,10.427,95.905,0,1,0
11219,4.897,204.207,1,0,0
11220,5.678,176.118,1,0,0
11221,7.014,142.572,0,1,0
11222,5.561,179.824,1,0,0
11223,3.582,279.174,1,0,0
11224,5.188,192.753,0,1,0
11225,5.399,185.219,0,1,0
11226,3.437,290.951,1,0,0
11227,5.307,188.430,1,0,0
11228,11.524,86.775,0,1,0
11229,4.350,229.885,1,0,0
11230,2.948,339.213,1,0,0
11231,9.296,107.573,0,1,0
11232,9.504,105.219,0,1,0
11233,12.924,77.375,0,1,0
11234,13.657,73.223,0,1,0
11235,4.013,249.190,1,0,0
11236,2.696,370.920,1,0,0
11237,14.547,68.743,0,1,0
11238,2.455,407.332,1,0,0
11239,2.611,382.995,1,0,0
11240,2.098,476.644,1,0,0
11241,13.951,71.679,0,1,0
11242,1.902,525.762,1,0,0
11243,14.194,70.452,0,1,0
11244,15.436,64.784,0,1,0
11245,14.586,68.559,0,1,0
11246,11.681,85.609,0,1,0
11247,12.079,82.788,0,1,0
11248,12.705,78.709,0,1,0
11249,14.695,68.050,0,1,0
11250,14.078,71.033,0,1,0
11251,14.221,70.319,0,1,0
11252,4.352,229.779,1,0,0
11253,14.069,71.078,0,1,0
11254,13.798,72.474,0,1,0
11255,14.880,67.204,0,1,0
11256,15.617,64.033,0,1,0
11257,17.060,58.617,0,1,0
11258,5.092,196.386,1,0,0
11259,2.898,345.066,1,0,0
11260,11.941,83.745,0,1,0
11261,11.445,87.374,0,1,0
11262,4.132,242.014,1,0,0
11263,13.636,73.335,0,1,0
11264,5.387,185.632,1,0,0
11265,17.163,58.265,0,1,0
11266,4.610,216.920,1,0,0
11267,15.454,64.708,0,1,0
11268,5.030,198.807,1,0,0
11269,10.840,92.251,0,1,0
11270,3.191,313.381,1,0,0
11271,3.215,311.042,1,0,0
11272,3.282,304.692,1,0,0
11273,10.246,97.599,0,1,0
11274,1.672,598.086,1,0,0
11275,1.833,545.554,1,0,0
11276,4.064,246.063,1,0,0
11277,3.552,281.532,1,0,0
11278,12.256,81.593,0,1,0
11279,3.302,302.847,1,0,0
11280,12.154,82.277,0,1,0
11281,3.966,252.143,1,0,0
11282,4.132,242.014,1,0,0
11283,12.166,82.196,0,1,0
11284,5.373,186.116,1,0,0
11285,13.133,76.144,0,1,0
11286,4.025,248.447,1,0,0
11287,11.865,84.282,0,1,0
11288,4.789,208.812,1,0,0
11289,3.391,294.898,1,0,0
11290,9.689,103.210,0,1,0
11291,2.178,459.137,1,0,0
11292,2.296,435.540,1,0,0
11293,2.307,433.463,1,0,0
11294,2.502,399.680,1,0,0
11295,10.633,94.047,0,1,0
11296,2.704,369.822,1,0,0
11297,2.668,374.813,1,0,0
11298,10.142,98.600,0,1,0
11299,5.896,169.607,1,0,0
11300,13.947,71.700,0,1,0
11301,6.011,166.362,1,0,0
11302,3.888,257.202,1,0,0
11303,14.374,69.570,0,1,0
11304,4.489,222.767,1,0,0
11305,2.357,424.268,1,0,0
11306,3.938,253.936,1,0,0
11307,2.351,425.351,1,0,0
11308,14.370,69.589,0,1,0
11309,14.874,67.231,0,1,0
11310,3.627,275.710,1,0,0
11311,3.377,296.121,1,0,0
11312,2.657,376.364,1,0,0
11313,2.102,475.737,1,0,0
11314,2.503,399.521,1,0,0
11315,10.921,91.567,0,1,0
11316,2.811,355.745,1,0,0
11317,1.916,521.921,1,0,0
11318,1.921,520.562,1,0,0
11319,1.856,538.793,1,0,0
11320,2.287,437.254,1,0,0
11321,7.867,127.113,0,1,0
11322,1.593,627.746,1,0,0
11323,9.102,109.866,0,1,0
11324,1.728,578.704,1,0,0
11325,2.147,465.766,1,0,0
11326,1.683,594.177,1,0,0
11327,3.915,255.428,1,0,0
11328,2.916,342.936,1,0,0
11329,12.249,81.639,0,1,0
11330,10.082,99.187,0,1,0
11331,6.819,146.649,1,0,0
11332,9.861,101.410,0,1,0
11333,9.361,106.826,0,1,0
11334,2.498,400.320,1,0,0
11335,2.654,376.790,1,0,0
11336,9.905,100.959,0,1,0
11337,3.579,279.408,1,0,0
11338,2.982,335.345,1,0,0
11339,3.181,314.367,1,0,0
11340,12.590,79.428,0,1,0
11341,3.049,327.976,1,0,0
11342,12.918,77.411,0,1,0
11343,2.931,341.180,1,0,0
11344,2.414,414.250,1,0,0
11345,6.067,164.826,1,0,0
11346,19.367,51.634,0,1,0
11347,4.469,223.764,1,0,0
11348,4.288,233.209,1,0,0
11349,18.652,53.614,0,1,0
11350,3.234,309.215,1,0,0
11351,4.758,210.172,1,0,0
11352,4.368,228.938,1,0,0
11353,18.269,54.738,0,1,0
11354,4.679,213.721,1,0,0
11355,18.187,54.984,0,1,0
11356,15.954,62.680,0,1,0
11357,4.508,221.828,1,0,0
11358,4.334,230.734,1,0,0
11359,15.441,64.763,0,1,0
11360,4.214,237.304,1,0,0
11361,13.836,72.275,0,1,0
11362,12.011,83.257,0,1,0
11363,13.169,75.936,0,1,0
11364,12.830,77.942,0,1,0
11365,20.338,49.169,0,1,0
11366,21.710,46.062,0,1,0
11367,21.453,46.614,0,1,0
11368,4.886,204.666,1,0,0
11369,24.705,40.478,0,1,0
11370,6.283,159.160,1,0,0
11371,4.143,241.371,1,0,0
11372,13.853,72.187,0,1,0
11373,14.802,67.558,0,1,0
11374,12.812,78.052,0,1,0
11375,12.125,82.474,0,1,0
11376,12.316,81.195,0,1,0
11377,9.824,101.792,0,1,0
11378,2.301,434.594,1,0,0
11379,10.427,95.905,0,1,0
11380,2.657,376.364,1,0,0
11381,10.738,93.127,0,1,0
11382,2.189,456.830,1,0,0
11383,10.883,91.886,0,1,0
11384,11.884,84.147,0,1,0
11385,12.784,78.223,0,1,0
11386,10.812,92.490,0,1,0
11387,10.604,94.304,0,1,0
11388,2.306,433.651,1,0,0
11389,8.360,119.617,0,1,0
11390,1.836,544.662,1,0,0
11391,4.641,215.471,1,0,0
11392,12.410,80.580,0,1,0
11393,2.924,341.997,1,0,0
11394,3.055,327.332,1,0,0
11395,8.559,116.836,0,1,0
11396,3.168,315.657,1,0,0
11397,2.435,410.678,1,0,0
11398,3.139,318.573,1,0,0
11399,11.552,86.565,0,1,0
11400,12.658,79.001,0,1,0
11401,2.020,495.050,1,0,0
11402,1.314,761.035,1,0,0
11403,1.159,862.813,1,0,0
11404,5.753,173.822,1,0,0
11405,4.271,234.137,1,0,0
11406,16.233,61.603,0,1,0
11407,2.481,403.063,1,0,0
11408,2.382,419.815,1,0,0
11409,12.820,78.003,0,1,0
11410,13.938,71.746,0,1,0
11411,3.980,251.256,1,0,0
11412,4.435,225.479,1,0,0
11413,3.215,311.042,1,0,0
11414,18.407,54.327,0,1,0
11415,15.933,62.763,0,1,0
11416,18.405,54.333,0,1,0
11417,19.214,52.045,0,1,0
11418,18.181,55.002,0,1,0
11419,15.387,64.990,0,1,0
11420,17.234,58.025,0,1,0
11421,2.294,435.920,1,0,0
11422,1.994,501.505,1,0,0
11423,15.490,64.558,0,1,0
11424,1.735,576.369,1,0,0
11425,2.564,390.016,1,0,0
11426,2.177,459.348,1,0,0
11427,1.977,505.817,1,0,0
11428,15.281,65.441,0,1,0
11429,15.723,63.601,0,1,0
11430,3.721,268.745,1,0,0
11431,2.559,390.778,1,0,0
11432,1.891,528.821,1,0,0
11433,2.380,420.168,1,0,0
11434,2.518,397.141,1,0,0
11435,14.438,69.262,0,1,0
11436,1.942,514.933,1,0,0
11437,13.849,72.207,0,1,0
11438,15.809,63.255,0,1,0
11439,15.745,63.512,0,1,0
11440,15.224,65.686,0,1,0
11441,4.427,225.887,1,0,0
11442,13.508,74.030,0,1,0
11443,3.372,296.560,1,0,0
11444,14.987,66.724,0,1,0
11445,5.196,192.456,1,0,0
11446,14.377,69.556,0,1,0
11447,4.440,225.225,1,0,0
11448,12.063,82.898,0,1,0
11449,4.896,204.248,1,0,0
11450,3.487,286.779,1,0,0
11451,13.496,74.096,0,1,0
11452,14.342,69.725,0,1,0
11453,13.116,76.243,0,1,0
11454,12.462,80.244,0,1,0
11455,2.397,417.188,1,0,0
11456,4.416,226.449,1,0,0
11457,2.985,335.008,1,0,0
11458,1.763,567.215,1,0,0
11459,9.091,109.999,0,1,0
11460,9.822,101.812,0,1,0
11461,2.661,375.799,1,0,0
11462,11.455,87.298,0,1,0
11463,2.142,466.853,1,0,0
11464,1.547,646.412,1,0,0
11465,2.086,479.386,1,0,0
11466,1.576,634.518,1,0,0
11467,2.813,355.492,1,0,0
11468,11.828,84.545,0,1,0
11469,12.308,81.248,0,1,0
11470,2.231,448.229,1,0,0
11471,2.589,386.250,1,0,0
11472,2.432,411.184,1,0,0
11473,2.319,431.220,1,0,0
11474,4.695,212.993,1,0,0
11475,16.131,61.992,0,1,0
11476,6.225,160.643,1,0,0
11477,3.349,298.597,1,0,0
11478,17.772,56.268,0,1,0
11479,3.034,329.598,1,0,0
11480,19.481,51.332,0,1,0
11481,2.196,455.373,1,0,0
11482,3.268,305.998,1,0,0
11483,17.221,58.069,0,1,0
11484,14.285,70.004,0,1,0
11485,2.277,439.174,1,0,0
11486,1.880,531.915,1,0,0
11487,2.680,373.134,1,0,0
11488,12.056,82.946,0,1,0
11489,1.936,516.529,1,0,0
11490,12.363,80.887,0,1,0
11491,10.966,91.191,0,1,0
11492,5.020,199.203,1,0,0
11493,10.715,93.327,0,1,0
11494,10.888,91.844,0,1,0
11495,10.856,92.115,0,1,0
11496,13.323,75.058,0,1,0
11497,12.766,78.333,0,1,0
11498,13.080,76.453,0,1,0
11499,11.596,86.237,0,1,0
11500,14.525,68.847,0,1,0
11501,9.726,102.817,0,1,0
11502,10.451,95.685,0,1,0
11503,11.854,84.360,0,1,0
11504,5.494,182.017,1,0,0
11505,4.788,208.855,1,0,0
11506,933.044,1.072,0,1,0
11507,932.913,1.072,1,0,0
11508,932.357,1.073,0,1,0
11509,930.315,1.075,1,0,0
11510,928.785,1.077,0,1,0
11511,10.945,91.366,0,1,0
11512,5.207,192.049,1,0,0
11513,6.979,143.287,1,0,0
11514,11.485,87.070,0,1,0
11515,7.200,138.889,1,0,0
11516,4.275,233.918,1,0,0
11517,11.411,87.635,0,1,0
11518,5.515,181.324,1,0,0
11519,8.911,112.221,0,1,0
11520,8.158,122.579,0,1,0
11521,8.315,120.265,0,1,0
11522,10.096,99.049,0,1,0
11523,13.805,72.438,0,1,0
11524,20.231,49.429,0,1,0
11525,4.343,230.256,1,0,0
11526,4.397,227.428,1,0,0
11527,3.879,257.798,1,0,0
11528,20.923,47.794,0,1,0
11529,5.580,179.211,1,0,0
11530,5.898,169.549,1,0,0
11531,5.603,178.476,1,0,0
11532,19.694,50.777,0,1,0
11533,4.982,200.723,1,0,0
11534,4.103,243.724,1,0,0
11535,3.164,316.056,1,0,0
11536,4.053,246.731,1,0,0
11537,16.745,59.719,0,1,0
11538,3.262,306.560,1,0,0
11539,4.610,216.920,1,0,0
11540,4.007,249.563,1,0,0
11541,15.203,65.776,0,1,0
11542,2.236,447.227,1,0,0
11543,12.624,79.214,0,1,0
11544,2.262,442.087,1,0,0
11545,2.338,427.716,1,0,0
11546,10.638,94.003,0,1,0
11547,2.928,341.530,1,0,0
11548,3.987,250.815,1,0,0
11549,17.982,55.611,0,1,0
11550,4.555,219.539,1,0,0
11551,18.326,54.567,0,1,0
11552,3.502,285.551,1,0,0
11553,3.827,261.301,1,0,0
11554,4.304,232.342,1,0,0
11555,18.313,54.606,0,1,0
11556,4.550,219.780,1,0,0
11557,17.434,57.359,0,1,0
11558,4.826,207.211,1,0,0
11559,4.496,222.420,1,0,0
11560,12.997,76.941,0,1,0
11561,13.300,75.188,0,1,0
11562,13.343,74.946,0,1,0
11563,5.090,196.464,1,0,0
11564,5.458,183.217,1,0,0
11565,18.150,55.096,0,1,0
11566,5.284,189.251,1,0,0
11567,17.193,58.163,0,1,0
11568,4.372,228.728,1,0,0
11569,3.181,314.367,1,0,0
11570,2.840,352.113,1,0,0
11571,4.343,230.256,1,0,0
11572,18.115,55.203,0,1,0
11573,5.909,169.233,1,0,0
11574,2.373,421.408,1,0,0
11575,1.541,648.929,1,0,0
11576,14.200,70.423,0,1,0
11577,2.597,385.060,1,0,0
11578,16.442,60.820,0,1,0
11579,16.056,62.282,0,1,0
11580,15.939,62.739,0,1,0
11581,2.306,433.651,1,0,0
11582,2.292,436.300,1,0,0
11583,2.757,362.713,1,0,0
11584,3.055,327.332,1,0,0
11585,2.537,394.166,1,0,0
11586,2.819,354.736,1,0,0
11587,3.146,317.864,1,0,0
11588,11.020,90.744,0,1,0
11589,2.464,405.844,1,0,0
11590,2.719,367.782,1,0,0
11591,3.015,331.675,1,0,0
11592,10.609,94.260,0,1,0
11593,3.003,333.000,1,0,0
11594,2.114,473.037,1,0,0
11595,10.614,94.215,0,1,0
11596,2.390,418.410,1,0,0
11597,11.263,88.786,0,1,0
11598,4.725,211.640,1,0,0
11599,2.757,362.713,1,0,0
11600,5.611,178.221,1,0,0
11601,3.992,250.501,1,0,0
11602,2.231,448.229,1,0,0
11603,2.050,487.805,1,0,0
11604,11.668,85.704,0,1,0
11605,2.194,455.789,1,0,0
11606,12.780,78.247,0,1,0
11607,2.092,478.011,1,0,0
11608,1.815,550.964,1,0,0
11609,1.786,559.910,1,0,0
11610,13.138,76.115,0,1,0
11611,1.793,557.724,1,0,0
11612,13.598,73.540,0,1,0
11613,2.006,498.504,1,0,0
11614,5.001,199.960,1,0,0
11615,3.160,316.456,1,0,0
11616,3.014,331.785,1,0,0
11617,14.720,67.935,0,1,0
11618,4.133,241.955,1,0,0
11619,12.030,83.126,0,1,0
11620,12.449,80.328,0,1,0
11621,12.809,78.070,0,1,0
11622,13.211,75.694,0,1,0
11623,20.259,49.361,0,1,0
11624,2.488,401.929,1,0,0
11625,19.100,52.356,0,1,0
11626,2.870,348.432,1,0,0
11627,21.291,46.968,0,1,0
11628,2.321,430.849,1,0,0
11629,3.618,276.396,1,0,0
11630,21.521,46.466,0,1,0
11631,20.900,47.847,0,1,0
11632,5.693,175.654,1,0,0
11633,2.717,368.053,1,0,0
11634,3.297,303.306,1,0,0
11635,6.821,146.606,1,0,0
11636,13.959,71.638,0,1,0
11637,5.586,179.019,1,0,0
11638,5.970,167.504,1,0,0
11639,2.776,360.231,1,0,0
11640,11.871,84.239,0,1,0
11641,3.511,284.819,1,0,0
11642,3.087,323.939,1,0,0
11643,10.316,96.937,0,1,0
11644,11.623,86.036,0,1,0
11645,11.617,86.081,0,1,0
11646,14.961,66.840,0,1,0
11647,17.118,58.418,0,1,0
11648,17.548,56.987,0,1,0
11649,15.820,63.211,0,1,0
11650,15.624,64.004,0,1,0
11651,13.788,72.527,0,1,0
11652,10.916,91.609,0,1,0
11653,4.306,232.234,1,0,0
11654,12.259,81.573,0,1,0
11655,4.787,208.899,1,0,0
11656,10.900,91.743,0,1,0
11657,3.897,256.608,1,0,0
11658,9.244,108.178,0,1,0
11659,11.071,90.326,0,1,0
11660,10.908,91.676,0,1,0
11661,9.079,110.144,0,1,0
11662,10.230,97.752,0,1,0
11663,9.342,107.043,0,1,0
11664,14.519,68.875,0,1,0
11665,15.662,63.849,0,1,0
11666,15.080,66.313,0,1,0
11667,19.318,51.765,0,1,0
11668,17.828,56.092,0,1,0
11669,16.263,61.489,0,1,0
11670,14.553,68.714,0,1,0
11671,15.733,63.561,0,1,0
11672,3.976,251.509,1,0,0
11673,13.605,73.502,0,1,0
11674,11.000,90.909,0,1,0
11675,9.893,101.082,0,1,0
11676,13.323,75.058,0,1,0
11677,11.383,87.850,0,1,0
11678,12.567,79.573,0,1,0
11679,12.753,78.413,0,1,0
11680,14.053,71.159,0,1,0
11681,11.889,84.111,0,1,0
11682,11.611,86.125,0,1,0
11683,13.081,76.447,0,1,0
11684,13.111,76.272,0,1,0
11685,14.533,68.809,0,1,0
11686,13.922,71.829,0,1,0
11687,13.868,72.108,0,1,0
11688,10.276,97.314,0,1,0
11689,10.592,94.411,0,1,0
11690,8.898,112.385,0,1,0
11691,8.905,112.296,0,1,0
11692,13.037,76.705,0,1,0
11693,12.263,81.546,0,1,0
11694,11.969,83.549,0,1,0
11695,13.741,72.775,0,1,0
11696,16.661,60.020,0,1,0
11697,15.653,63.886,0,1,0
11698,5.018,199.283,1,0,0
11699,2.669,374.672,1,0,0
11700,17.803,56.170,0,1,0
11701,16.775,59.613,0,1,0
11702,3.432,291.375,1,0,0
11703,15.170,65.920,0,1,0
11704,2.674,373.972,1,0,0
11705,2.764,361.795,1,0,0
11706,17.623,56.744,0,1,0
11707,5.343,187.161,1,0,0
11708,4.033,247.954,1,0,0
11709,19.786,50.541,0,1,0
11710,4.953,201.898,1,0,0
11711,17.651,56.654,0,1,0
11712,4.827,207.168,1,0,0
11713,3.122,320.307,1,0,0
11714,3.127,319.795,1,0,0
11715,3.779,264.620,1,0,0
11716,2.167,461.467,1,0,0
11717,1.663,601.323,1,0,0
11718,11.294,88.543,0,1,0
11719,11.540,86.655,0,1,0
11720,11.254,88.857,0,1,0
11721,1.814,551.268,1,0,0
11722,11.145,89.726,0,1,0
11723,2.004,499.002,1,0,0
11724,2.084,479.846,1,0,0
11725,11.318,88.355,0,1,0
11726,2.058,485.909,1,0,0
11727,14.960,66.845,0,1,0
11728,1.614,619.579,1,0,0
11729,2.228,448.833,1,0,0
11730,1.919,521.105,1,0,0
11731,1.946,513.875,1,0,0
11732,2.367,422.476,1,0,0
11733,2.084,479.846,1,0,0
11734,1.965,508.906,1,0,0
11735,16.860,59.312,0,1,0
11736,3.674,272.183,1,0,0
11737,17.387,57.514,0,1,0
11738,17.659,56.628,0,1,0
11739,1.991,502.260,1,0,0
11740,5.239,190.876,1,0,0
11741,2.506,399.042,1,0,0
11742,2.949,339.098,1,0,0
11743,2.575,388.350,1,0,0
11744,16.711,59.841,0,1,0
11745,1.877,532.765,1,0,0
11746,2.330,429.185,1,0,0
11747,17.896,55.878,0,1,0
11748,2.108,474.383,1,0,0
11749,16.996,58.837,0,1,0
11750,1.806,553.710,1,0,0
11751,18.338,54.532,0,1,0
11752,2.440,409.836,1,0,0
11753,2.825,353.982,1,0,0
11754,21.279,46.995,0,1,0
11755,24.716,40.460,0,1,0
11756,23.135,43.225,0,1,0
11757,24.868,40.212,0,1,0
11758,5.167,193.536,1,0,0
11759,5.703,175.346,1,0,0
11760,4.848,206.271,1,0,0
11761,25.163,39.741,0,1,0
11762,21.648,46.194,0,1,0
11763,21.806,45.859,0,1,0
11764,22.587,44.273,0,1,0
11765,22.809,43.842,0,1,0
11766,4.644,215.332,1,0,0
11767,3.927,254.647,1,0,0
11768,25.740,38.850,0,1,0
11769,26.396,37.885,0,1,0
11770,3.466,288.517,1,0,0
11771,2.550,392.157,1,0,0
11772,2.163,462.321,1,0,0
11773,22.473,44.498,0,1,0
11774,1.596,626.566,1,0,0
11775,22.408,44.627,0,1,0
11776,24.389,41.002,0,1,0
11777,17.128,58.384,0,1,0
11778,16.596,60.255,0,1,0
11779,17.315,57.753,0,1,0
11780,17.100,58.480,0,1,0
11781,16.093,62.139,0,1,0
11782,16.264,61.485,0,1,0
11783,15.386,64.994,0,1,0
11784,16.845,59.365,0,1,0
11785,16.048,62.313,0,1,0
11786,16.988,58.865,0,1,0
11787,16.171,61.839,0,1,0
11788,15.292,65.394,0,1,0
11789,15.617,64.033,0,1,0
11790,15.708,63.662,0,1,0
11791,15.790,63.331,0,1,0
11792,14.365,69.614,0,1,0
11793,16.283,61.414,0,1,0
11794,15.899,62.897,0,1,0
11795,16.005,62.480,0,1,0
11796,15.501,64.512,0,1,0
11797,14.777,67.673,0,1,0
11798,14.755,67.774,0,1,0
11799,13.211,75.694,0,1,0
11800,13.700,72.993,0,1,0
11801,13.219,75.649,0,1,0
11802,10.368,96.451,0,1,0
11803,12.265,81.533,0,1,0
11804,12.886,77.604,0,1,0
11805,13.395,74.655,0,1,0
11806,14.331,69.779,0,1,0
11807,13.467,74.256,0,1,0
11808,12.680,78.864,0,1,0
11809,14.082,71.013,0,1,0
11810,15.070,66.357,0,1,0
11811,14.242,70.215,0,1,0
11812,14.130,70.771,0,1,0
11813,12.619,79.246,0,1,0
11814,13.249,75.477,0,1,0
11815,14.222,70.314,0,1,0
11816,14.723,67.921,0,1,0
11817,14.877,67.218,0,1,0
11818,13.934,71.767,0,1,0
11819,3.544,282.167,1,0,0
11820,2.835,352.734,1,0,0
11821,12.072,82.836,0,1,0
11822,4.014,249.128,1,0,0
11823,2.764,361.795,1,0,0
11824,13.710,72.939,0,1,0
11825,2.506,399.042,1,0,0
11826,3.063,326.477,1,0,0
11827,3.349,298.597,1,0,0
11828,14.199,70.427,0,1,0
11829,13.867,72.114,0,1,0
11830,13.792,72.506,0,1,0
11831,4.923,203.128,1,0,0
11832,3.011,332.116,1,0,0
11833,3.992,250.501,1,0,0
11834,15.748,63.500,0,1,0
11835,2.934,340.832,1,0,0
11836,14.046,71.195,0,1,0
11837,1.533,652.316,1,0,0
11838,2.233,447.828,1,0,0
11839,11.214,89.174,0,1,0
11840,2.102,475.737,1,0,0
11841,4.942,202.347,1,0,0
11842,2.393,417.885,1,0,0
11843,2.273,439.947,1,0,0
11844,3.062,326.584,1,0,0
11845,3.685,271.370,1,0,0
11846,1.942,514.933,1,0,0
11847,7.649,130.736,0,1,0
11848,2.632,379.939,1,0,0
11849,4.773,209.512,1,0,0
11850,9.668,103.434,0,1,0
11851,4.962,201.532,1,0,0
11852,11.096,90.123,0,1,0
11853,3.869,258.465,1,0,0
11854,9.259,108.003,0,1,0
11855,6.806,146.929,0,1,0
11856,9.455,105.764,0,1,0
11857,4.692,213.129,1,0,0
11858,2.435,410.678,1,0,0
11859,12.655,79.020,0,1,0
11860,11.954,83.654,0,1,0
11861,2.191,456.413,1,0,0
11862,2.549,392.311,1,0,0
11863,11.021,90.736,0,1,0
11864,11.184,89.413,0,1,0
11865,12.912,77.447,0,1,0
11866,11.225,89.087,0,1,0
11867,11.987,83.424,0,1,0
11868,12.018,83.209,0,1,0
11869,1.927,518.941,1,0,0
11870,5.103,195.963,1,0,0
11871,14.429,69.305,0,1,0
11872,4.205,237.812,1,0,0
11873,4.211,237.473,1,0,0
11874,2.770,361.011,1,0,0
11875,11.044,90.547,0,1,0
11876,7.088,141.084,1,0,0
11877,15.730,63.573,0,1,0
11878,5.059,197.668,1,0,0
11879,3.734,267.809,1,0,0
11880,12.954,77.196,0,1,0
11881,11.705,85.434,0,1,0
11882,12.909,77.465,0,1,0
11883,13.873,72.082,0,1,0
11884,15.116,66.155,0,1,0
11885,16.421,60.898,0,1,0
11886,16.692,59.909,0,1,0
11887,15.675,63.796,0,1,0
11888,13.442,74.394,0,1,0
11889,11.449,87.344,0,1,0
11890,9.862,101.399,0,1,0
11891,12.642,79.101,0,1,0
11892,1.973,506.842,1,0,0
11893,12.973,77.083,0,1,0
11894,2.100,476.190,1,0,0
11895,1.900,526.316,1,0,0
11896,8.106,123.365,0,1,0
11897,2.326,429.923,1,0,0
11898,9.229,108.354,0,1,0
11899,2.137,467.946,1,0,0
11900,2.634,379.651,1,0,0
11901,2.249,444.642,1,0,0
11902,8.207,121.847,0,1,0
11903,3.178,314.663,1,0,0
11904,3.099,322.685,1,0,0
11905,7.884,126.839,0,1,0
11906,8.916,112.158,0,1,0
11907,4.438,225.327,1,0,0
11908,4.505,221.976,1,0,0
11909,4.314,231.803,0,1,0
11910,2.491,401.445,1,0,0
11911,2.422,412.882,1,0,0
11912,6.544,152.812,0,1,0
11913,3.313,301.841,1,0,0
11914,4.206,237.756,0,1,0
11915,5.029,198.847,0,1,0
11916,2.999,333.444,1,0,0
11917,3.372,296.560,1,0,0
11918,2.726,366.838,1,0,0
11919,3.597,278.009,0,1,0
11920,2.811,355.745,1,0,0
11921,3.995,250.313,1,0,0
11922,3.694,270.709,0,1,0
11923,4.513,221.582,0,1,0
11924,2.974,336.247,1,0,0
11925,4.289,233.155,0,1,0
11926,833.188,1.200,1,0,0
11927,922.068,1.085,1,0,0
11928,837.121,1.195,0,1,0
11929,832.318,1.201,1,0,0
11930,876.519,1.141,0,1,0
11931,65.603,15.243,0,1,0
11932,115.440,8.663,1,0,0
11933,110.909,9.016,1,0,0
11934,4.546,219.974,0,1,0
11935,5.925,168.776,0,1,0
11936,4.122,242.601,0,1,0
11937,5.373,186.116,0,1,0
11938,5.340,187.266,0,1,0
11939,4.804,208.160,0,1,0
11940,5.346,187.056,0,1,0
11941,5.296,188.822,0,1,0
11942,4.173,239.636,0,1,0
11943,4.521,221.190,0,1,0
11944,4.326,231.160,0,1,0
11945,4.723,211.730,0,1,0
11946,4.221,236.911,0,1,0
11947,4.200,238.095,0,1,0
11948,4.859,205.804,0,1,0
11949,4.297,232.721,0,1,0
11950,4.542,220.167,0,1,0
11951,3.719,268.889,0,1,0
11952,4.321,231.428,0,1,0
11953,23.782,42.049,1,0,0
11954,5.036,198.570,0,1,0
11955,5.195,192.493,0,1,0
11956,3.161,316.356,1,0,0
11957,4.373,228.676,0,1,0
11958,3.373,296.472,1,0,0
11959,4.563,219.154,1,0,0
11960,5.130,194.932,1,0,0
11961,3.443,290.444,1,0,0
11962,4.081,245.038,1,0,0
11963,3.988,250.752,0,1,0
11964,3.484,287.026,1,0,0
11965,5.584,179.083,0,1,0
11966,4.299,232.612,1,0,0
11967,9.693,103.167,0,1,0
11968,3.847,259.943,1,0,0
11969,3.745,267.023,1,0,0
11970,10.871,91.988,0,1,0
11971,17.742,56.363,0,1,0
11972,4.623,216.310,1,0,0
11973,14.198,70.432,0,1,0
11974,15.591,64.140,0,1,0
11975,2.229,448.632,1,0,0
11976,1.882,531.350,1,0,0
11977,15.646,63.914,0,1,0
11978,15.876,62.988,0,1,0
11979,20.062,49.845,0,1,0
11980,19.865,50.340,0,1,0
11981,20.193,49.522,0,1,0
11982,4.530,220.751,1,0,0
11983,18.295,54.660,0,1,0
11984,4.658,214.684,1,0,0
11985,13.697,73.009,0,1,0
11986,3.492,286.369,1,0,0
11987,3.867,258.598,1,0,0
11988,14.668,68.176,0,1,0
11989,12.176,82.129,0,1,0
11990,12.109,82.583,0,1,0
11991,4.635,215.750,1,0,0
11992,3.503,285.470,1,0,0
11993,10.552,94.769,0,1,0
11994,4.163,240.211,1,0,0
11995,6.161,162.311,1,0,0
11996,4.628,216.076,1,0,0
11997,11.998,83.347,0,1,0
11998,2.785,359.066,1,0,0
11999,3.793,263.644,1,0,0
12000,3.324,300.842,1,0,0
12001,9.239,108.237,0,1,0
12002,8.576,116.604,0,1,0
12003,10.160,98.425,0,1,0
12004,11.046,90.531,0,1,0
12005,14.065,71.098,0,1,0
12006,13.784,72.548,0,1,0
12007,14.495,68.989,0,1,0
12008,17.305,57.787,0,1,0
12009,3.555,281.294,1,0,0
12010,18.368,54.443,0,1,0
12011,21.892,45.679,0,1,0
12012,3.386,295.334,1,0,0
12013,2.386,419.111,1,0,0
12014,4.231,236.351,1,0,0
12015,18.554,53.897,0,1,0
12016,3.736,267.666,1,0,0
12017,20.684,48.347,0,1,0
12018,3.160,316.456,1,0,0
12019,3.146,317.864,1,0,0
12020,3.508,285.063,1,0,0
12021,4.192,238.550,1,0,0
12022,2.714,368.460,1,0,0
12023,17.969,55.651,0,1,0
12024,4.818,207.555,1,0,0
12025,4.189,238.720,1,0,0
12026,21.323,46.898,0,1,0
12027,3.852,259.605,1,0,0
12028,16.467,60.728,0,1,0
12029,17.820,56.117,0,1,0
12030,6.076,164.582,1,0,0
12031,3.140,318.471,1,0,0
12032,3.090,323.625,1,0,0
12033,10.141,98.610,0,1,0
12034,1.766,566.251,1,0,0
12035,7.837,127.600,0,1,0
12036,7.156,139.743,0,1,0
12037,2.377,420.698,1,0,0
12038,2.993,334.113,1,0,0
12039,2.416,413.907,1,0,0
12040,1.829,546.747,1,0,0
12041,2.694,371.195,1,0,0
12042,6.677,149.768,0,1,0
12043,3.382,295.683,1,0,0
12044,7.650,130.719,0,1,0
12045,2.560,390.625,1,0,0
12046,4.031,248.077,1,0,0
12047,7.570,132.100,0,1,0
12048,4.730,211.416,1,0,0
12049,12.872,77.688,0,1,0
12050,12.211,81.893,0,1,0
12051,15.269,65.492,0,1,0
12052,14.285,70.004,0,1,0
12053,2.614,382.555,1,0,0
12054,2.239,446.628,1,0,0
12055,13.010,76.864,0,1,0
12056,14.028,71.286,0,1,0
12057,13.964,71.613,0,1,0
12058,4.743,210.837,1,0,0
12059,3.777,264.760,1,0,0
12060,12.004,83.306,0,1,0
12061,3.297,303.306,1,0,0
12062,2.591,385.951,1,0,0
12063,2.640,378.788,1,0,0
12064,3.857,259.269,1,0,0
12065,9.235,108.284,0,1,0
12066,3.280,304.878,1,0,0
12067,3.226,309.981,1,0,0
12068,6.990,143.062,1,0,0
12069,7.999,125.016,1,0,0
12070,17.037,58.696,0,1,0
12071,5.633,177.525,1,0,0
12072,3.834,260.824,1,0,0
12073,12.301,81.294,0,1,0
12074,12.549,79.688,0,1,0
12075,15.487,64.570,0,1,0
12076,3.509,284.981,1,0,0
12077,5.051,197.981,1,0,0
12078,4.807,208.030,1,0,0
12079,3.818,261.917,1,0,0
12080,4.054,246.670,1,0,0
12081,2.557,391.083,1,0,0
12082,16.216,61.667,0,1,0
12083,1.259,794.281,1,0,0
12084,1.592,628.141,1,0,0
12085,3.332,300.120,1,0,0
12086,18.191,54.972,0,1,0
12087,4.847,206.313,1,0,0
12088,2.549,392.311,1,0,0
12089,1.565,638.978,1,0,0
12090,19.861,50.350,0,1,0
12091,18.190,54.975,0,1,0
12092,20.012,49.970,0,1,0
12093,20.557,48.645,0,1,0
12094,3.953,252.972,1,0,0
12095,4.174,239.578,1,0,0
12096,16.020,62.422,0,1,0
12097,4.776,209.380,1,0,0
12098,3.504,285.388,1,0,0
12099,12.435,80.418,0,1,0
12100,2.739,365.097,1,0,0
12101,2.937,340.483,1,0,0
12102,3.474,287.853,1,0,0
12103,3.671,272.405,1,0,0
12104,10.340,96.712,0,1,0
12105,2.526,395.883,1,0,0
12106,10.649,93.906,0,1,0
12107,2.226,449.236,1,0,0
12108,2.637,379.219,1,0,0
12109,11.012,90.810,0,1,0
12110,20.061,49.848,0,1,0
12111,19.596,51.031,0,1,0
12112,4.544,220.070,1,0,0
12113,19.475,51.348,0,1,0
12114,8.293,120.584,1,0,0
12115,2.284,437.828,1,0,0
12116,2.300,434.783,1,0,0
12117,2.162,462.535,1,0,0
12118,16.549,60.427,0,1,0
12119,20.027,49.933,0,1,0
12120,17.862,55.985,0,1,0
12121,17.922,55.797,0,1,0
12122,2.303,434.216,1,0,0
12123,4.610,216.920,1,0,0
12124,4.395,227.531,1,0,0
12125,16.049,62.309,0,1,0
12126,17.152,58.302,0,1,0
12127,19.046,52.504,0,1,0
12128,19.420,51.493,0,1,0
12129,20.840,47.985,0,1,0
12130,6.843,146.135,1,0,0
12131,4.722,211.775,1,0,0
12132,4.089,244.559,1,0,0
12133,17.891,55.894,0,1,0
12134,17.001,58.820,0,1,0
12135,18.851,53.048,0,1,0
12136,20.990,47.642,0,1,0
12137,19.792,50.525,0,1,0
12138,15.117,66.151,0,1,0
12139,15.809,63.255,0,1,0
12140,17.790,56.211,0,1,0
12141,18.881,52.963,0,1,0
12142,20.622,48.492,0,1,0
12143,16.760,59.666,0,1,0
12144,17.029,58.723,0,1,0
12145,17.085,58.531,0,1,0
12146,19.366,51.637,0,1,0
12147,21.092,47.411,0,1,0
12148,18.010,55.525,0,1,0
12149,19.463,51.380,0,1,0
12150,22.720,44.014,0,1,0
12151,21.961,45.535,0,1,0
12152,21.246,47.068,0,1,0
12153,5.259,190.150,1,0,0
12154,3.571,280.034,1,0,0
12155,3.609,277.085,1,0,0
12156,4.282,233.536,1,0,0
12157,3.229,309.693,1,0,0
12158,3.748,266.809,1,0,0
12159,4.126,242.365,1,0,0
12160,16.356,61.140,0,1,0
12161,16.751,59.698,0,1,0
12162,15.625,64.000,0,1,0
12163,15.690,63.735,0,1,0
12164,18.011,55.522,0,1,0
12165,18.201,54.942,0,1,0
12166,17.877,55.938,0,1,0
12167,21.291,46.968,0,1,0
12168,19.470,51.361,0,1,0
12169,18.964,52.731,0,1,0
12170,16.530,60.496,0,1,0
12171,17.022,58.748,0,1,0
12172,17.274,57.890,0,1,0
12173,18.184,54.993,0,1,0
12174,16.810,59.488,0,1,0
12175,14.013,71.362,0,1,0
12176,2.705,369.686,1,0,0
12177,2.080,480.769,1,0,0
12178,13.839,72.260,0,1,0
12179,2.430,411.523,1,0,0
12180,13.190,75.815,0,1,0
12181,2.918,342.700,1,0,0
12182,2.881,347.102,1,0,0
12183,11.259,88.818,0,1,0
12184,1.915,522.193,1,0,0
12185,2.078,481.232,1,0,0
12186,2.409,415.110,1,0,0
12187,4.663,214.454,1,0,0
12188,15.896,62.909,0,1,0
12189,4.297,232.721,1,0,0
12190,16.694,59.902,0,1,0
12191,4.031,248.077,1,0,0
12192,4.710,212.314,1,0,0
12193,15.880,62.972,0,1,0
12194,3.725,268.456,1,0,0
12195,4.004,249.750,1,0,0
12196,15.450,64.725,0,1,0
12197,2.872,348.189,1,0,0
12198,12.166,82.196,0,1,0
12199,4.848,206.271,1,0,0
12200,4.384,228.102,1,0,0
12201,3.691,270.929,1,0,0
12202,3.966,252.143,1,0,0
12203,12.277,81.453,0,1,0
12204,2.495,400.802,1,0,0
12205,11.591,86.274,0,1,0
12206,2.112,473.485,1,0,0
12207,13.616,73.443,0,1,0
12208,1.734,576.701,1,0,0
12209,13.869,72.103,0,1,0
12210,5.110,195.695,1,0,0
12211,3.572,279.955,1,0,0
12212,4.541,220.216,1,0,0
12213,17.731,56.398,0,1,0
12214,3.467,288.434,1,0,0
12215,5.152,194.099,1,0,0
12216,5.385,185.701,1,0,0
12217,5.916,169.033,1,0,0
12218,16.027,62.395,0,1,0
12219,3.206,311.915,1,0,0
12220,4.550,219.780,1,0,0
12221,16.193,61.755,0,1,0
12222,3.520,284.091,1,0,0
12223,3.234,309.215,1,0,0
12224,3.956,252.781,1,0,0
12225,4.015,249.066,1,0,0
12226,4.377,228.467,1,0,0
12227,11.106,90.041,0,1,0
12228,5.962,167.729,1,0,0
12229,9.295,107.585,0,1,0
12230,8.033,124.486,1,0,0
12231,5.791,172.682,0,1,0
12232,6.076,164.582,0,1,0
12233,8.876,112.663,0,1,0
12234,2.702,370.096,1,0,0
12235,12.149,82.311,0,1,0
12236,3.149,317.561,1,0,0
12237,2.971,336.587,1,0,0
12238,10.468,95.529,0,1,0
12239,2.834,352.858,1,0,0
12240,1.848,541.126,1,0,0
12241,2.340,427.350,1,0,0
12242,13.425,74.488,0,1,0
12243,3.369,296.824,1,0,0
12244,14.265,70.102,0,1,0
12245,13.926,71.808,0,1,0
12246,16.288,61.395,0,1,0
12247,15.795,63.311,0,1,0
12248,15.977,62.590,0,1,0
12249,4.441,225.175,1,0,0
12250,17.158,58.282,0,1,0
12251,18.250,54.795,0,1,0
12252,17.537,57.022,0,1,0
12253,16.567,60.361,0,1,0
12254,18.027,55.472,0,1,0
12255,14.892,67.150,0,1,0
12256,15.682,63.767,0,1,0
12257,16.048,62.313,0,1,0
12258,16.407,60.950,0,1,0
12259,5.194,192.530,1,0,0
12260,16.169,61.847,0,1,0
12261,13.144,76.080,0,1,0
12262,2.938,340.368,1,0,0
12263,12.899,77.525,0,1,0
12264,12.716,78.641,0,1,0
12265,12.556,79.643,0,1,0
12266,15.115,66.159,0,1,0
12267,15.852,63.084,0,1,0
12268,16.641,60.093,0,1,0
12269,17.070,58.582,0,1,0
12270,4.892,204.415,1,0,0
12271,4.225,236.686,1,0,0
12272,4.256,234.962,1,0,0
12273,3.278,305.064,1,0,0
12274,3.311,302.024,1,0,0
12275,17.382,57.531,0,1,0
12276,3.882,257.599,1,0,0
12277,3.586,278.862,1,0,0
12278,17.476,57.221,0,1,0
12279,3.893,256.871,1,0,0
12280,3.106,321.958,1,0,0
12281,4.052,246.792,1,0,0
12282,15.072,66.348,0,1,0
12283,4.678,213.767,1,0,0
12284,18.444,54.218,0,1,0
12285,3.792,263.713,1,0,0
12286,22.476,44.492,0,1,0
12287,4.760,210.084,1,0,0
12288,2.407,415.455,1,0,0
12289,16.741,59.734,0,1,0
12290,3.231,309.502,1,0,0
12291,3.183,314.169,1,0,0
12292,4.302,232.450,1,0,0
12293,3.314,301.750,1,0,0
12294,4.456,224.417,1,0,0
12295,13.047,76.646,0,1,0
12296,3.126,319.898,1,0,0
12297,2.780,359.712,1,0,0
12298,13.822,72.348,0,1,0
12299,2.946,339.443,1,0,0
12300,12.189,82.041,0,1,0
12301,2.763,361.925,1,0,0
12302,3.078,324.886,1,0,0
12303,11.257,88.834,0,1,0
12304,3.982,251.130,1,0,0
12305,11.141,89.759,0,1,0
12306,11.853,84.367,0,1,0
12307,11.593,86.259,0,1,0
12308,11.538,86.670,0,1,0
12309,14.276,70.048,0,1,0
12310,3.143,318.167,1,0,0
12311,2.643,378.358,1,0,0
12312,3.115,321.027,1,0,0
12313,16.874,59.263,0,1,0
12314,3.421,292.312,1,0,0
12315,2.834,352.858,1,0,0
12316,3.237,308.928,1,0,0
12317,15.568,64.234,0,1,0
12318,17.087,58.524,0,1,0
12319,16.947,59.007,0,1,0
12320,17.964,55.667,0,1,0
12321,16.027,62.395,0,1,0
12322,16.193,61.755,0,1,0
12323,2.197,455.166,1,0,0
12324,3.179,314.564,1,0,0
12325,18.087,55.288,0,1,0
12326,2.926,341.763,1,0,0
12327,2.325,430.108,1,0,0
12328,2.932,341.064,1,0,0
12329,18.802,53.186,0,1,0
12330,22.930,43.611,0,1,0
12331,2.655,376.648,1,0,0
12332,4.631,215.936,1,0,0
12333,23.309,42.902,0,1,0
12334,4.374,228.624,1,0,0
12335,24.066,41.552,0,1,0
12336,23.604,42.366,0,1,0
12337,23.358,42.812,0,1,0
12338,6.546,152.765,1,0,0
12339,4.137,241.721,1,0,0
12340,4.263,234.577,1,0,0
12341,24.130,41.442,0,1,0
12342,22.342,44.759,0,1,0
12343,4.855,205.973,1,0,0
12344,5.230,191.205,1,0,0
12345,21.146,47.290,0,1,0
12346,4.123,242.542,1,0,0
12347,4.301,232.504,1,0,0
12348,18.728,53.396,0,1,0
12349,17.320,57.737,0,1,0
12350,19.626,50.953,0,1,0
12351,21.401,46.727,0,1,0
12352,20.244,49.397,0,1,0
12353,21.821,45.827,0,1,0
12354,20.811,48.052,0,1,0
12355,14.012,71.367,0,1,0
12356,16.724,59.794,0,1,0
12357,20.301,49.259,0,1,0
12358,21.300,46.948,0,1,0
12359,19.988,50.030,0,1,0
12360,17.340,57.670,0,1,0
12361,4.054,246.670,1,0,0
12362,4.485,222.965,1,0,0
12363,4.273,234.028,1,0,0
12364,2.476,403.877,1,0,0
12365,17.853,56.013,0,1,0
12366,2.380,420.168,1,0,0
12367,18.094,55.267,0,1,0
12368,20.561,48.636,0,1,0
12369,4.489,222.767,1,0,0
12370,4.736,211.149,1,0,0
12371,3.372,296.560,1,0,0
12372,3.300,303.030,1,0,0
12373,3.622,276.091,1,0,0
12374,19.250,51.948,0,1,0
12375,3.630,275.482,1,0,0
12376,4.552,219.684,1,0,0
12377,4.353,229.727,1,0,0
12378,14.010,71.378,0,1,0
12379,13.279,75.307,0,1,0
12380,4.252,235.183,1,0,0
12381,14.088,70.982,0,1,0
12382,12.309,81.241,0,1,0
12383,11.830,84.531,0,1,0
12384,16.801,59.520,0,1,0
12385,3.650,273.973,1,0,0
12386,17.822,56.110,0,1,0
12387,2.739,365.097,1,0,0
12388,16.971,58.924,0,1,0
12389,2.914,343.171,1,0,0
12390,16.787,59.570,0,1,0
12391,5.290,189.036,1,0,0
12392,4.552,219.684,1,0,0
12393,5.667,176.460,1,0,0
12394,3.125,320.000,1,0,0
12395,1.894,527.983,1,0,0
12396,14.020,71.327,0,1,0
12397,2.152,464.684,1,0,0
12398,14.587,68.554,0,1,0
12399,15.393,64.965,0,1,0
12400,15.230,65.660,0,1,0
12401,15.162,65.954,0,1,0
12402,11.384,87.843,0,1,0
12403,11.157,89.630,0,1,0
12404,13.151,76.040,0,1,0
12405,12.826,77.967,0,1,0
12406,13.018,76.817,0,1,0
12407,15.969,62.621,0,1,0
12408,16.482,60.672,0,1,0
12409,19.764,50.597,0,1,0
12410,1.609,621.504,1,0,0
12411,20.499,48.783,0,1,0
12412,2.424,412.541,1,0,0
12413,2.812,355.619,1,0,0
12414,1.998,500.501,1,0,0
12415,4.394,227.583,1,0,0
12416,3.135,318.979,1,0,0
12417,3.431,291.460,1,0,0
12418,3.321,301.114,1,0,0
12419,20.682,48.351,0,1,0
12420,3.197,312.793,1,0,0
12421,20.014,49.965,0,1,0
12422,19.692,50.782,0,1,0
12423,4.763,209.952,1,0,0
12424,3.999,250.063,1,0,0
12425,2.842,351.865,1,0,0
12426,16.737,59.748,0,1,0
12427,4.285,233.372,1,0,0
12428,3.629,275.558,1,0,0
12429,2.773,360.620,1,0,0
12430,24.422,40.947,0,1,0
12431,2.740,364.964,1,0,0
12432,26.007,38.451,0,1,0
12433,2.996,333.778,1,0,0
12434,3.105,322.061,1,0,0
12435,27.901,35.841,0,1,0
12436,5.278,189.466,1,0,0
12437,4.961,201.572,1,0,0
12438,4.971,201.167,1,0,0
12439,23.165,43.169,0,1,0
12440,3.788,263.992,1,0,0
12441,3.968,252.016,1,0,0
12442,4.234,236.183,1,0,0
12443,20.725,48.251,0,1,0
12444,3.653,273.748,1,0,0
12445,23.198,43.107,0,1,0
12446,22.072,45.306,0,1,0
12447,4.912,203.583,1,0,0
12448,23.130,43.234,0,1,0
12449,3.436,291.036,1,0,0
12450,3.358,297.796,1,0,0
12451,18.966,52.726,0,1,0
12452,19.039,52.524,0,1,0
12453,15.241,65.612,0,1,0
12454,16.406,60.953,0,1,0
12455,3.462,288.850,1,0,0
12456,4.823,207.340,1,0,0
12457,2.015,496.278,1,0,0
12458,17.069,58.586,0,1,0
12459,6.494,153.988,1,0,0
12460,21.703,46.077,0,1,0
12461,4.780,209.205,1,0,0
12462,3.227,309.885,1,0,0
12463,16.284,61.410,0,1,0
12464,18.244,54.813,0,1,0
12465,21.142,47.299,0,1,0
12466,20.843,47.978,0,1,0
12467,21.840,45.788,0,1,0
12468,22.345,44.753,0,1,0
12469,4.956,201.776,1,0,0
12470,5.151,194.137,1,0,0
12471,21.467,46.583,0,1,0
12472,4.372,228.728,1,0,0
12473,3.560,280.899,1,0,0
12474,16.795,59.542,0,1,0
12475,16.381,61.046,0,1,0
12476,20.264,49.349,0,1,0
12477,20.220,49.456,0,1,0
12478,18.103,55.239,0,1,0
12479,17.250,57.971,0,1,0
12480,18.057,55.380,0,1,0
12481,14.464,69.137,0,1,0
12482,14.329,69.789,0,1,0
12483,13.780,72.569,0,1,0
12484,15.096,66.243,0,1,0
12485,17.403,57.461,0,1,0
12486,16.182,61.797,0,1,0
12487,15.537,64.362,0,1,0
12488,16.323,61.263,0,1,0
12489,16.886,59.221,0,1,0
12490,16.251,61.535,0,1,0
12491,3.589,278.629,1,0,0
12492,17.887,55.907,0,1,0
12493,21.950,45.558,0,1,0
12494,23.671,42.246,0,1,0
12495,6.013,166.306,1,0,0
12496,3.614,276.702,1,0,0
12497,5.570,179.533,1,0,0
12498,24.858,40.228,0,1,0
12499,21.534,46.438,0,1,0
12500,21.506,46.499,0,1,0
12501,18.369,54.440,0,1,0
12502,20.801,48.075,0,1,0
12503,3.830,261.097,1,0,0
12504,5.083,196.734,1,0,0
12505,3.523,283.849,1,0,0
12506,10.876,91.946,0,1,0
12507,12.147,82.325,0,1,0
12508,15.532,64.383,0,1,0
12509,4.606,217.108,1,0,0
12510,3.458,289.184,1,0,0
12511,3.705,269.906,1,0,0
12512,4.052,246.792,1,0,0
12513,12.490,80.064,0,1,0
12514,13.482,74.173,0,1,0
12515,13.455,74.322,0,1,0
12516,13.296,75.211,0,1,0
12517,15.964,62.641,0,1,0
12518,21.367,46.801,0,1,0
12519,23.665,42.256,0,1,0
12520,24.690,40.502,0,1,0
12521,25.909,38.597,0,1,0
12522,23.326,42.871,0,1,0
12523,20.464,48.866,0,1,0
12524,3.668,272.628,1,0,0
12525,4.095,244.200,1,0,0
12526,2.920,342.466,1,0,0
12527,16.287,61.399,0,1,0
12528,2.586,386.698,1,0,0
12529,4.754,210.349,1,0,0
12530,2.931,341.180,1,0,0
12531,14.824,67.458,0,1,0
12532,2.327,429.738,1,0,0
12533,14.716,67.953,0,1,0
12534,3.405,293.686,1,0,0
12535,2.734,365.764,1,0,0
12536,20.284,49.300,0,1,0
12537,4.058,246.427,1,0,0
12538,3.047,328.192,1,0,0
12539,3.280,304.878,1,0,0
12540,19.120,52.301,0,1,0
12541,4.043,247.341,1,0,0
12542,18.812,53.158,0,1,0
12543,4.943,202.306,1,0,0
12544,5.494,182.017,1,0,0
12545,2.962,337.610,1,0,0
12546,3.689,271.076,1,0,0
12547,2.984,335.121,1,0,0
12548,13.767,72.637,0,1,0
12549,4.385,228.050,1,0,0
12550,3.156,316.857,1,0,0
12551,3.297,303.306,1,0,0
12552,3.194,313.087,1,0,0
12553,15.587,64.156,0,1,0
12554,14.299,69.935,0,1,0
12555,14.526,68.842,0,1,0
12556,14.984,66.738,0,1,0
12557,12.522,79.859,0,1,0
12558,14.078,71.033,0,1,0
12559,16.096,62.127,0,1,0
12560,16.817,59.464,0,1,0
12561,18.946,52.782,0,1,0
12562,21.747,45.983,0,1,0
12563,24.418,40.953,0,1,0
12564,23.668,42.251,0,1,0
12565,25.634,39.011,0,1,0
12566,26.840,37.258,0,1,0
12567,23.876,41.883,0,1,0
12568,18.564,53.868,0,1,0
12569,19.292,51.835,0,1,0
12570,17.478,57.215,0,1,0
12571,17.423,57.395,0,1,0
12572,18.373,54.428,0,1,0
12573,15.165,65.941,0,1,0
12574,14.249,70.180,0,1,0
12575,16.102,62.104,0,1,0
12576,15.366,65.079,0,1,0
12577,19.210,52.056,0,1,0
12578,18.225,54.870,0,1,0
12579,18.360,54.466,0,1,0
12580,4.904,203.915,1,0,0
12581,4.471,223.664,1,0,0
12582,16.095,62.131,0,1,0
12583,12.993,76.965,0,1,0
12584,16.901,59.168,0,1,0
12585,16.555,60.405,0,1,0
12586,16.947,59.007,0,1,0
12587,17.342,57.663,0,1,0
12588,16.162,61.874,0,1,0
12589,19.424,51.483,0,1,0
12590,19.881,50.299,0,1,0
12591,19.517,51.237,0,1,0
12592,18.584,53.810,0,1,0
12593,17.641,56.686,0,1,0
12594,16.699,59.884,0,1,0
12595,3.508,285.063,1,0,0
12596,18.137,55.136,0,1,0
12597,4.129,242.189,1,0,0
12598,20.392,49.039,0,1,0
12599,4.689,213.265,1,0,0
12600,3.745,267.023,1,0,0
12601,6.159,162.364,1,0,0
12602,18.696,53.487,0,1,0
12603,3.857,259.269,1,0,0
12604,4.348,229.991,1,0,0
12605,16.253,61.527,0,1,0
12606,3.210,311.526,1,0,0
12607,13.784,72.548,0,1,0
12608,2.537,394.166,1,0,0
12609,1.808,553.097,1,0,0
12610,2.272,440.141,1,0,0
12611,13.404,74.605,0,1,0
12612,13.387,74.699,0,1,0
12613,13.457,74.311,0,1,0
12614,11.806,84.703,0,1,0
12615,12.794,78.162,0,1,0
12616,15.887,62.945,0,1,0
12617,18.072,55.334,0,1,0
12618,17.423,57.395,0,1,0
12619,16.255,61.520,0,1,0
12620,15.515,64.454,0,1,0
12621,13.411,74.566,0,1,0
12622,5.694,175.623,1,0,0
12623,15.555,64.288,0,1,0
12624,15.599,64.107,0,1,0
12625,16.000,62.500,0,1,0
12626,16.438,60.835,0,1,0
12627,16.343,61.188,0,1,0
12628,15.883,62.960,0,1,0
12629,13.826,72.327,0,1,0
12630,14.307,69.896,0,1,0
12631,2.461,406.339,1,0,0
12632,5.920,168.919,1,0,0
12633,4.026,248.385,1,0,0
12634,4.410,226.757,1,0,0
12635,14.893,67.146,0,1,0
12636,3.518,284.252,1,0,0
12637,3.315,301.659,1,0,0
12638,4.040,247.525,1,0,0
12639,11.488,87.047,0,1,0
12640,4.195,238.379,1,0,0
12641,11.020,90.744,0,1,0
12642,4.548,219.877,1,0,0
12643,5.164,193.648,1,0,0
12644,14.887,67.173,0,1,0
12645,6.155,162.470,1,0,0
12646,15.010,66.622,0,1,0
12647,5.916,169.033,1,0,0
12648,5.005,199.800,1,0,0
12649,3.996,250.250,1,0,0
12650,3.768,265.393,1,0,0
12651,13.826,72.327,0,1,0
12652,1.710,584.795,1,0,0
12653,14.886,67.177,0,1,0
12654,16.712,59.837,0,1,0
12655,2.072,482.625,1,0,0
12656,2.116,472.590,1,0,0
12657,2.110,473.934,1,0,0
12658,2.233,447.828,1,0,0
12659,1.744,573.394,1,0,0
12660,2.024,494.071,1,0,0
12661,2.612,382.848,1,0,0
12662,17.352,57.630,0,1,0
12663,5.106,195.848,1,0,0
12664,5.261,190.078,1,0,0
12665,2.106,474.834,1,0,0
12666,12.427,80.470,0,1,0
12667,1.953,512.033,1,0,0
12668,3.175,314.961,1,0,0
12669,14.490,69.013,0,1,0
12670,4.798,208.420,1,0,0
12671,20.916,47.810,0,1,0
12672,4.948,202.102,1,0,0
12673,3.329,300.391,1,0,0
12674,14.679,68.125,0,1,0
12675,13.995,71.454,0,1,0
12676,13.350,74.906,0,1,0
12677,1.806,553.710,1,0,0
12678,7.340,136.240,1,0,0
12679,4.162,240.269,1,0,0
12680,2.274,439.754,1,0,0
12681,8.963,111.570,0,1,0
12682,3.094,323.206,1,0,0
12683,9.008,111.012,0,1,0
12684,2.515,397.614,1,0,0
12685,2.708,369.276,1,0,0
12686,3.994,250.376,1,0,0
12687,6.093,164.123,1,0,0
12688,11.526,86.760,0,1,0
12689,4.617,216.591,1,0,0
12690,12.409,80.587,0,1,0
12691,4.414,226.552,1,0,0
12692,8.781,113.882,0,1,0
12693,9.173,109.016,0,1,0
12694,9.885,101.163,0,1,0
12695,9.733,102.743,0,1,0
12696,4.533,220.604,1,0,0
12697,12.662,78.976,0,1,0
12698,14.331,69.779,0,1,0
12699,13.961,71.628,0,1,0
12700,3.341,299.312,1,0,0
12701,15.471,64.637,0,1,0
12702,14.924,67.006,0,1,0
12703,14.725,67.912,0,1,0
12704,6.308,158.529,1,0,0
12705,13.806,72.432,0,1,0
12706,4.457,224.366,1,0,0
12707,3.567,280.348,1,0,0
12708,12.169,82.176,0,1,0
12709,9.315,107.354,0,1,0
12710,4.840,206.612,1,0,0
12711,3.305,302.572,1,0,0
12712,9.276,107.805,0,1,0
12713,9.350,106.952,0,1,0
12714,2.770,361.011,1,0,0
12715,3.045,328.407,1,0,0
12716,10.394,96.209,0,1,0
12717,2.744,364.431,1,0,0
12718,2.960,337.838,1,0,0
12719,2.460,406.504,1,0,0
12720,2.003,499.251,1,0,0
12721,10.267,97.399,0,1,0
12722,9.672,103.391,0,1,0
12723,11.285,88.613,0,1,0
12724,10.353,96.590,0,1,0
12725,13.801,72.459,0,1,0
12726,16.460,60.753,0,1,0
12727,19.798,50.510,0,1,0
12728,20.008,49.980,0,1,0
12729,2.956,338.295,1,0,0
12730,2.927,341.647,1,0,0
12731,18.731,53.387,0,1,0
12732,18.939,52.801,0,1,0
12733,18.136,55.139,0,1,0
12734,17.400,57.471,0,1,0
12735,20.935,47.767,0,1,0
12736,22.190,45.065,0,1,0
12737,23.879,41.878,0,1,0
12738,24.026,41.622,0,1,0
12739,22.051,45.349,0,1,0
12740,4.492,222.618,1,0,0
12741,4.971,201.167,1,0,0
12742,22.715,44.024,0,1,0
12743,4.486,222.916,1,0,0
12744,19.050,52.493,0,1,0
12745,17.971,55.645,0,1,0
12746,18.130,55.157,0,1,0
12747,18.110,55.218,0,1,0
12748,2.723,367.242,1,0,0
12749,17.189,58.177,0,1,0
12750,16.267,61.474,0,1,0
12751,2.395,417.537,1,0,0
12752,3.657,273.448,1,0,0
12753,1.859,537.924,1,0,0
12754,16.223,61.641,0,1,0
12755,15.631,63.975,0,1,0
12756,15.784,63.355,0,1,0
12757,13.679,73.105,0,1,0
12758,13.420,74.516,0,1,0
12759,13.698,73.003,0,1,0
12760,12.420,80.515,0,1,0
12761,15.305,65.338,0,1,0
12762,15.614,64.045,0,1,0
12763,16.366,61.102,0,1,0
12764,15.061,66.397,0,1,0
12765,14.832,67.422,0,1,0
12766,15.367,65.075,0,1,0
12767,18.696,53.487,0,1,0
12768,17.669,56.596,0,1,0
12769,18.533,53.958,0,1,0
12770,19.539,51.180,0,1,0
12771,18.426,54.271,0,1,0
12772,16.951,58.994,0,1,0
12773,6.335,157.853,1,0,0
12774,4.527,220.897,1,0,0
12775,3.547,281.928,1,0,0
12776,5.319,188.005,1,0,0
12777,15.937,62.747,0,1,0
12778,14.341,69.730,0,1,0
12779,16.443,60.816,0,1,0
12780,17.058,58.624,0,1,0
12781,14.666,68.185,0,1,0
12782,14.856,67.313,0,1,0
12783,17.804,56.167,0,1,0
12784,19.094,52.372,0,1,0
12785,18.765,53.291,0,1,0
12786,21.682,46.121,0,1,0
12787,22.718,44.018,0,1,0
12788,20.554,48.652,0,1,0
12789,20.072,49.821,0,1,0
12790,19.185,52.124,0,1,0
12791,5.831,171.497,1,0,0
12792,16.609,60.208,0,1,0
12793,4.048,247.036,1,0,0
12794,2.341,427.168,1,0,0
12795,2.853,350.508,1,0,0
12796,3.112,321.337,1,0,0
12797,17.308,57.777,0,1,0
12798,3.445,290.276,1,0,0
12799,3.895,256.739,1,0,0
12800,21.979,45.498,0,1,0
12801,4.032,248.016,1,0,0
12802,21.467,46.583,0,1,0
12803,4.888,204.583,1,0,0
12804,18.819,53.138,0,1,0
12805,4.507,221.877,1,0,0
12806,4.750,210.526,1,0,0
12807,4.949,202.061,1,0,0
12808,3.060,326.797,1,0,0
12809,3.421,292.312,1,0,0
12810,4.148,241.080,1,0,0
12811,15.343,65.176,0,1,0
12812,3.225,310.078,1,0,0
12813,13.660,73.206,0,1,0
12814,14.562,68.672,0,1,0
12815,15.134,66.076,0,1,0
12816,16.887,59.217,0,1,0
12817,13.215,75.672,0,1,0
12818,12.435,80.418,0,1,0
12819,13.608,73.486,0,1,0
12820,3.988,250.752,1,0,0
12821,2.379,420.345,1,0,0
12822,5.472,182.749,1,0,0
12823,13.457,74.311,0,1,0
12824,13.116,76.243,0,1,0
12825,3.630,275.482,1,0,0
12826,4.030,248.139,1,0,0
12827,10.891,91.819,0,1,0
12828,10.864,92.047,0,1,0
12829,11.607,86.155,0,1,0
12830,10.256,97.504,0,1,0
12831,4.466,223.914,1,0,0
12832,12.029,83.132,0,1,0
12833,4.565,219.058,1,0,0
12834,7.640,130.890,0,1,0
12835,4.451,224.669,1,0,0
12836,12.191,82.028,0,1,0
12837,3.350,298.507,1,0,0
12838,3.936,254.065,1,0,0
12839,14.786,67.632,0,1,0
12840,4.128,242.248,1,0,0
12841,15.579,64.189,0,1,0
12842,4.998,200.080,1,0,0
12843,5.188,192.753,1,0,0
12844,2.459,406.669,1,0,0
12845,15.484,64.583,0,1,0
12846,19.418,51.499,0,1,0
12847,6.138,162.920,1,0,0
12848,4.476,223.414,1,0,0
12849,5.091,196.425,1,0,0
12850,4.880,204.918,1,0,0
12851,3.501,285.633,1,0,0
12852,5.787,172.801,1,0,0
12853,21.610,46.275,0,1,0
12854,7.788,128.403,1,0,0
12855,7.212,138.658,1,0,0
12856,20.251,49.380,0,1,0
12857,3.314,301.750,1,0,0
12858,19.814,50.469,0,1,0
12859,15.537,64.362,0,1,0
12860,16.449,60.794,0,1,0
12861,19.060,52.466,0,1,0
12862,2.847,351.247,1,0,0
12863,18.413,54.309,0,1,0
12864,1.817,550.358,1,0,0
12865,17.735,56.386,0,1,0
12866,0.946,1057.082,1,0,0
12867,1.290,775.194,1,0,0
12868,16.665,60.006,0,1,0
12869,1.921,520.562,1,0,0
12870,3.700,270.270,1,0,0
12871,4.017,248.942,1,0,0
12872,17.152,58.302,0,1,0
12873,2.413,414.422,1,0,0
12874,1.919,521.105,1,0,0
12875,15.135,66.072,0,1,0
12876,1.765,566.572,1,0,0
12877,15.195,65.811,0,1,0
12878,14.017,71.342,0,1,0
12879,13.955,71.659,0,1,0
12880,5.479,182.515,1,0,0
12881,18.725,53.405,0,1,0
12882,15.179,65.880,0,1,0
12883,15.225,65.681,0,1,0
12884,2.708,369.276,1,0,0
12885,2.396,417.362,1,0,0
12886,17.452,57.300,0,1,0
12887,16.247,61.550,0,1,0
12888,16.614,60.190,0,1,0
12889,2.823,354.233,1,0,0
12890,17.709,56.468,0,1,0
12891,1.911,523.286,1,0,0
12892,2.178,459.137,1,0,0
12893,18.033,55.454,0,1,0
12894,2.164,462.107,1,0,0
12895,17.648,56.664,0,1,0
12896,17.160,58.275,0,1,0
12897,20.734,48.230,0,1,0
12898,20.198,49.510,0,1,0
12899,2.489,401.768,1,0,0
12900,21.110,47.371,0,1,0
12901,2.599,384.763,1,0,0
12902,2.499,400.160,1,0,0
12903,2.532,394.945,1,0,0
12904,17.783,56.233,0,1,0
12905,16.664,60.010,0,1,0
12906,16.721,59.805,0,1,0
12907,14.790,67.613,0,1,0
12908,18.617,53.714,0,1,0
12909,18.177,55.015,0,1,0
12910,19.580,51.073,0,1,0
12911,1.999,500.250,1,0,0
12912,2.824,354.108,1,0,0
12913,14.876,67.222,0,1,0
12914,6.873,145.497,1,0,0
12915,12.368,80.854,0,1,0
12916,2.070,483.092,1,0,0
12917,2.113,473.261,1,0,0
12918,1.793,557.724,1,0,0
12919,10.660,93.809,0,1,0
12920,3.516,284.414,1,0,0
12921,11.087,90.196,0,1,0
12922,3.574,279.799,1,0,0
12923,9.741,102.659,0,1,0
12924,3.848,259.875,1,0,0
12925,3.374,296.384,1,0,0
12926,9.985,100.150,0,1,0
12927,3.827,261.301,1,0,0
12928,2.462,406.174,1,0,0
12929,1.590,628.931,1,0,0
12930,11.498,86.972,0,1,0
12931,1.103,906.618,1,0,0
12932,10.888,91.844,0,1,0
12933,1.649,606.428,1,0,0
12934,1.999,500.250,1,0,0
12935,2.262,442.087,1,0,0
12936,3.630,275.482,1,0,0
12937,15.485,64.579,0,1,0
12938,4.028,248.262,1,0,0
12939,3.339,299.491,1,0,0
12940,3.000,333.333,1,0,0
12941,20.117,49.709,0,1,0
12942,2.850,350.877,1,0,0
12943,19.760,50.607,0,1,0
12944,21.943,45.573,0,1,0
12945,5.503,181.719,1,0,0
12946,3.145,317.965,1,0,0
12947,27.287,36.647,0,1,0
12948,3.279,304.971,1,0,0
12949,4.366,229.043,1,0,0
12950,3.826,261.370,1,0,0
12951,24.086,41.518,0,1,0
12952,18.678,53.539,0,1,0
12953,2.615,382.409,1,0,0
12954,18.567,53.859,0,1,0
12955,17.799,56.183,0,1,0
12956,17.702,56.491,0,1,0
12957,17.213,58.096,0,1,0
12958,18.315,54.600,0,1,0
12959,19.125,52.288,0,1,0
12960,2.224,449.640,1,0,0
12961,2.513,397.931,1,0,0
12962,2.429,411.692,1,0,0
12963,1.737,575.705,1,0,0
12964,5.299,188.715,1,0,0
12965,20.519,48.735,0,1,0
12966,4.210,237.530,1,0,0
12967,14.891,67.155,0,1,0
12968,13.592,73.573,0,1,0
12969,14.047,71.190,0,1,0
12970,4.189,238.720,1,0,0
12971,3.844,260.146,1,0,0
12972,6.010,166.389,1,0,0
12973,6.258,159.795,1,0,0
12974,6.173,161.996,1,0,0
12975,24.251,41.235,0,1,0
12976,19.952,50.120,0,1,0
12977,20.984,47.655,0,1,0
12978,3.561,280.820,1,0,0
12979,4.024,248.509,1,0,0
12980,2.995,333.890,1,0,0
12981,3.888,257.202,1,0,0
12982,3.029,330.142,1,0,0
12983,3.668,272.628,1,0,0
12984,23.240,43.029,0,1,0
12985,4.689,213.265,1,0,0
12986,3.710,269.542,1,0,0
12987,2.882,346.981,1,0,0
12988,2.204,453.721,1,0,0
12989,3.133,319.183,1,0,0
12990,18.940,52.798,0,1,0
12991,2.887,346.380,1,0,0
12992,18.463,54.162,0,1,0
12993,3.522,283.930,1,0,0
12994,18.083,55.301,0,1,0
12995,3.426,291.886,1,0,0
12996,18.282,54.699,0,1,0
12997,3.619,276.319,1,0,0
12998,3.199,312.598,1,0,0
12999,17.248,57.978,0,1,0
13000,2.909,343.761,1,0,0
13001,20.467,48.859,0,1,0
13002,19.559,51.127,0,1,0
13003,21.199,47.172,0,1,0
13004,28.397,35.215,0,1,0
13005,24.431,40.932,0,1,0
13006,23.835,41.955,0,1,0
13007,2.376,420.875,1,0,0
13008,1.593,627.746,1,0,0
13009,26.079,38.345,0,1,0
13010,1.677,596.303,1,0,0
13011,1.488,672.043,1,0,0
13012,2.365,422.833,1,0,0
13013,2.391,418.235,1,0,0
13014,2.137,467.946,1,0,0
13015,1.676,596.659,1,0,0
13016,9.009,111.000,1,0,0
13017,3.187,313.775,1,0,0
13018,19.605,51.007,0,1,0
13019,3.802,263.019,1,0,0
13020,4.007,249.563,1,0,0
13021,4.829,207.082,1,0,0
13022,22.147,45.153,0,1,0
13023,3.460,289.017,1,0,0
13024,18.699,53.479,0,1,0
13025,4.250,235.294,1,0,0
13026,5.122,195.236,1,0,0
13027,4.986,200.562,1,0,0
13028,5.237,190.949,1,0,0
13029,4.805,208.117,1,0,0
13030,21.084,47.429,0,1,0
13031,1.544,647.668,1,0,0
13032,17.136,58.357,0,1,0
13033,17.922,55.797,0,1,0
13034,18.991,52.657,0,1,0
13035,19.836,50.413,0,1,0
13036,23.376,42.779,0,1,0
13037,21.834,45.800,0,1,0
13038,23.612,42.351,0,1,0
13039,25.879,38.641,0,1,0
13040,1.895,527.704,1,0,0
13041,5.010,199.601,1,0,0
13042,2.670,374.532,1,0,0
13043,2.468,405.186,1,0,0
13044,2.514,397.772,1,0,0
13045,21.263,47.030,0,1,0
13046,2.712,368.732,1,0,0
13047,5.965,167.645,1,0,0
13048,22.844,43.775,0,1,0
13049,3.935,254.130,1,0,0
13050,4.064,246.063,1,0,0
13051,4.016,249.004,1,0,0
13052,20.833,48.001,0,1,0
13053,2.920,342.466,1,0,0
13054,1.989,502.765,1,0,0
13055,22.329,44.785,0,1,0
13056,4.008,249.501,1,0,0
13057,19.430,51.467,0,1,0
13058,20.205,49.493,0,1,0
13059,23.620,42.337,0,1,0
13060,21.310,46.926,0,1,0
13061,21.443,46.635,0,1,0
13062,23.511,42.533,0,1,0
13063,20.135,49.665,0,1,0
13064,4.680,213.675,1,0,0
13065,4.202,237.982,1,0,0
13066,3.945,253.485,1,0,0
13067,4.331,230.894,1,0,0
13068,17.566,56.928,0,1,0
13069,4.345,230.150,1,0,0
13070,19.567,51.106,0,1,0
13071,4.052,246.792,1,0,0
13072,19.069,52.441,0,1,0
13073,4.078,245.218,1,0,0
13074,6.380,156.740,1,0,0
13075,4.804,208.160,1,0,0
13076,18.269,54.738,0,1,0
13077,3.552,281.532,1,0,0
13078,3.479,287.439,1,0,0
13079,3.510,284.900,1,0,0
13080,13.927,71.803,0,1,0
13081,3.786,264.131,1,0,0
13082,4.323,231.321,1,0,0
13083,3.277,305.157,1,0,0
13084,14.366,69.609,0,1,0
13085,16.218,61.660,0,1,0
13086,17.558,56.954,0,1,0
13087,15.131,66.089,0,1,0
13088,16.131,61.992,0,1,0
13089,14.414,69.377,0,1,0
13090,15.007,66.636,0,1,0
13091,15.751,63.488,0,1,0
13092,17.423,57.395,0,1,0
13093,18.820,53.135,0,1,0
13094,4.842,206.526,1,0,0
13095,4.980,200.803,1,0,0
13096,18.239,54.828,0,1,0
13097,6.578,152.022,1,0,0
13098,19.393,51.565,0,1,0
13099,5.957,167.870,1,0,0
13100,18.758,53.311,0,1,0
13101,5.665,176.523,1,0,0
13102,14.197,70.437,0,1,0
13103,17.135,58.360,0,1,0
13104,16.363,61.113,0,1,0
13105,16.433,60.853,0,1,0
13106,16.729,59.776,0,1,0
13107,3.855,259.403,1,0,0
13108,3.403,293.858,1,0,0
13109,4.398,227.376,1,0,0
13110,5.484,182.349,1,0,0
13111,1.549,645.578,1,0,0
13112,12.809,78.070,0,1,0
13113,17.930,55.772,0,1,0
13114,17.881,55.925,0,1,0
13115,3.974,251.636,1,0,0
13116,2.166,461.681,1,0,0
13117,2.174,459.982,1,0,0
13118,2.383,419.639,1,0,0
13119,18.547,53.917,0,1,0
13120,2.374,421.230,1,0,0
13121,18.596,53.775,0,1,0
13122,2.212,452.080,1,0,0
13123,2.723,367.242,1,0,0
13124,1.847,541.419,1,0,0
13125,2.007,498.256,1,0,0
13126,15.673,63.804,0,1,0
13127,2.334,428.449,1,0,0
13128,14.873,67.236,0,1,0
13129,2.257,443.066,1,0,0
13130,2.323,430.478,1,0,0
13131,14.987,66.724,0,1,0
13132,2.577,388.048,1,0,0
13133,14.133,70.756,0,1,0
13134,1.534,651.890,1,0,0
13135,2.419,413.394,1,0,0
13136,2.360,423.729,1,0,0
13137,12.959,77.166,0,1,0
13138,1.921,520.562,1,0,0
13139,11.943,83.731,0,1,0
13140,2.236,447.227,1,0,0
13141,2.232,448.029,1,0,0
13142,13.497,74.091,0,1,0
13143,12.359,80.913,0,1,0
13144,13.945,71.710,0,1,0
13145,15.740,63.532,0,1,0
13146,16.244,61.561,0,1,0
13147,16.360,61.125,0,1,0
13148,2.625,380.952,1,0,0
13149,2.665,375.235,1,0,0
13150,2.533,394.789,1,0,0
13151,2.261,442.282,1,0,0
13152,13.785,72.543,0,1,0
13153,1.923,520.021,1,0,0
13154,15.945,62.716,0,1,0
13155,2.169,461.042,1,0,0
13156,1.848,541.126,1,0,0
13157,2.287,437.254,1,0,0
13158,3.302,302.847,1,0,0
13159,2.864,349.162,1,0,0
13160,2.773,360.620,1,0,0
13161,2.647,377.786,1,0,0
13162,17.110,58.445,0,1,0
13163,1.965,508.906,1,0,0
13164,13.887,72.010,0,1,0
13165,4.554,219.587,1,0,0
13166,5.193,192.567,1,0,0
13167,3.129,319.591,1,0,0
13168,19.634,50.932,0,1,0
13169,2.608,383.436,1,0,0
13170,21.243,47.074,0,1,0
13171,2.999,333.444,1,0,0
13172,3.156,316.857,1,0,0
13173,3.375,296.296,1,0,0
13174,27.026,37.001,0,1,0
13175,3.731,268.025,1,0,0
13176,5.873,170.271,1,0,0
13177,2.222,450.045,1,0,0
13178,1.981,504.796,1,0,0
13179,23.731,42.139,0,1,0
13180,22.015,45.424,0,1,0
13181,22.230,44.984,0,1,0
13182,4.020,248.756,1,0,0
13183,19.051,52.491,0,1,0
13184,2.656,376.506,1,0,0
13185,2.982,335.345,1,0,0
13186,3.541,282.406,1,0,0
13187,3.294,303.582,1,0,0
13188,23.010,43.459,0,1,0
13189,2.362,423.370,1,0,0
13190,19.538,51.182,0,1,0
13191,22.916,43.638,0,1,0
13192,21.571,46.359,0,1,0
13193,21.411,46.705,0,1,0
13194,19.559,51.127,0,1,0
13195,19.059,52.469,0,1,0
13196,19.271,51.891,0,1,0
13197,6.342,157.679,1,0,0
13198,5.242,190.767,1,0,0
13199,14.140,70.721,0,1,0
13200,4.305,232.288,1,0,0
13201,3.610,277.008,1,0,0
13202,4.054,246.670,1,0,0
13203,19.324,51.749,0,1,0
13204,18.824,53.124,0,1,0
13205,4.537,220.410,1,0,0
13206,3.657,273.448,1,0,0
13207,2.989,334.560,1,0,0
13208,16.580,60.314,0,1,0
13209,17.526,57.058,0,1,0
13210,20.636,48.459,0,1,0
13211,2.552,391.850,1,0,0
13212,19.685,50.800,0,1,0
13213,20.081,49.798,0,1,0
13214,18.568,53.856,0,1,0
13215,18.311,54.612,0,1,0
13216,20.039,49.903,0,1,0
13217,18.590,53.792,0,1,0
13218,19.168,52.170,0,1,0
13219,19.635,50.929,0,1,0
13220,5.417,184.604,1,0,0
13221,2.828,353.607,1,0,0
13222,16.094,62.135,0,1,0
13223,18.174,55.024,0,1,0
13224,21.861,45.744,0,1,0
13225,22.780,43.898,0,1,0
13226,24.399,40.985,0,1,0
13227,24.491,40.831,0,1,0
13228,22.360,44.723,0,1,0
13229,18.710,53.447,0,1,0
13230,18.129,55.160,0,1,0
13231,16.081,62.185,0,1,0
13232,15.692,63.727,0,1,0
13233,14.977,66.769,0,1,0
13234,13.013,76.846,0,1,0
13235,5.023,199.084,1,0,0
13236,15.065,66.379,0,1,0
13237,3.336,299.760,1,0,0
13238,14.574,68.615,0,1,0
13239,4.196,238.322,1,0,0
13240,6.048,165.344,1,0,0
13241,3.285,304.414,1,0,0
13242,11.243,88.944,0,1,0
13243,15.904,62.877,0,1,0
13244,14.506,68.937,0,1,0
13245,16.845,59.365,0,1,0
13246,18.683,53.525,0,1,0
13247,17.964,55.667,0,1,0
13248,2.299,434.972,1,0,0
13249,17.116,58.425,0,1,0
13250,3.261,306.654,1,0,0
13251,3.171,315.358,1,0,0
13252,21.297,46.955,0,1,0
13253,2.400,416.667,1,0,0
13254,4.191,238.607,1,0,0
13255,22.602,44.244,0,1,0
13256,4.189,238.720,1,0,0
13257,4.430,225.734,1,0,0
13258,5.157,193.911,1,0,0
13259,4.526,220.946,1,0,0
13260,17.996,55.568,0,1,0
13261,2.273,439.947,1,0,0
13262,2.121,471.476,1,0,0
13263,14.331,69.779,0,1,0
13264,2.049,488.043,1,0,0
13265,15.279,65.449,0,1,0
13266,5.774,173.190,1,0,0
13267,16.675,59.970,0,1,0
13268,4.976,200.965,1,0,0
13269,5.207,192.049,1,0,0
13270,3.740,267.380,1,0,0
13271,4.206,237.756,1,0,0
13272,3.901,256.345,1,0,0
13273,11.097,90.114,0,1,0
13274,4.358,229.463,1,0,0
13275,14.126,70.791,0,1,0
13276,2.030,492.611,1,0,0
13277,1.924,519.751,1,0,0
13278,16.404,60.961,0,1,0
13279,15.234,65.643,0,1,0
13280,15.309,65.321,0,1,0
13281,3.842,260.281,1,0,0
13282,3.355,298.063,1,0,0
13283,17.582,56.876,0,1,0
13284,3.188,313.676,1,0,0
13285,2.740,364.964,1,0,0
13286,6.177,161.891,1,0,0
13287,5.109,195.733,1,0,0
13288,2.673,374.111,1,0,0
13289,2.217,451.060,1,0,0
13290,15.602,64.094,0,1,0
13291,3.982,251.130,1,0,0
13292,4.524,221.043,1,0,0
13293,15.350,65.147,0,1,0
13294,2.293,436.110,1,0,0
13295,2.511,398.248,1,0,0
13296,14.875,67.227,0,1,0
13297,2.980,335.570,1,0,0
13298,3.303,302.755,1,0,0
13299,2.456,407.166,1,0,0
13300,3.155,316.957,1,0,0
13301,4.318,231.589,1,0,0
13302,19.135,52.260,0,1,0
13303,3.168,315.657,1,0,0
13304,2.401,416.493,1,0,0
13305,19.429,51.469,0,1,0
13306,2.616,382.263,1,0,0
13307,1.941,515.198,1,0,0
13308,2.180,458.716,1,0,0
13309,20.269,49.336,0,1,0
13310,2.584,386.997,1,0,0
13311,4.911,203.625,1,0,0
13312,26.814,37.294,0,1,0
13313,3.190,313.480,1,0,0
13314,21.359,46.819,0,1,0
13315,20.344,49.155,0,1,0
13316,18.141,55.124,0,1,0
13317,18.409,54.321,0,1,0
13318,20.028,49.930,0,1,0
13319,4.815,207.684,1,0,0
13320,23.094,43.301,0,1,0
13321,4.174,239.578,1,0,0
13322,3.676,272.035,1,0,0
13323,3.951,253.100,1,0,0
13324,20.287,49.293,0,1,0
13325,2.017,495.786,1,0,0
13326,1.681,594.884,1,0,0
13327,22.145,45.157,0,1,0
13328,2.359,423.908,1,0,0
13329,2.434,410.846,1,0,0
13330,2.789,358.551,1,0,0
13331,20.395,49.032,0,1,0
13332,5.964,167.673,1,0,0
13333,5.015,199.402,1,0,0
13334,18.986,52.670,0,1,0
13335,20.214,49.471,0,1,0
13336,19.424,51.483,0,1,0
13337,21.576,46.348,0,1,0
13338,18.148,55.102,0,1,0
13339,18.339,54.529,0,1,0
13340,16.052,62.298,0,1,0
13341,2.622,381.388,1,0,0
13342,2.310,432.900,1,0,0
13343,2.507,398.883,1,0,0
13344,16.195,61.747,0,1,0
13345,3.985,250.941,1,0,0
13346,16.962,58.955,0,1,0
13347,4.613,216.779,1,0,0
13348,16.605,60.223,0,1,0
13349,3.065,326.264,1,0,0
13350,3.438,290.867,1,0,0
13351,3.777,264.760,1,0,0
13352,2.154,464.253,1,0,0
13353,14.112,70.862,0,1,0
13354,12.545,79.713,0,1,0
13355,16.710,59.844,0,1,0
13356,15.554,64.292,0,1,0
13357,14.020,71.327,0,1,0
13358,12.847,77.839,0,1,0
13359,2.664,375.375,1,0,0
13360,11.512,86.866,0,1,0
13361,12.571,79.548,0,1,0
13362,13.236,75.552,0,1,0
13363,14.503,68.951,0,1,0
13364,16.936,59.046,0,1,0
13365,17.154,58.295,0,1,0
13366,19.800,50.505,0,1,0
13367,18.862,53.017,0,1,0
13368,18.771,53.274,0,1,0
13369,17.805,56.164,0,1,0
13370,17.363,57.594,0,1,0
13371,16.989,58.862,0,1,0
13372,16.905,59.154,0,1,0
13373,17.929,55.776,0,1,0
13374,19.778,50.561,0,1,0
13375,3.170,315.457,1,0,0
13376,2.436,410.509,1,0,0
13377,20.172,49.574,0,1,0
13378,2.721,367.512,1,0,0
13379,1.995,501.253,1,0,0
13380,17.925,55.788,0,1,0
13381,16.777,59.605,0,1,0
13382,2.622,381.388,1,0,0
13383,16.757,59.677,0,1,0
13384,14.705,68.004,0,1,0
13385,25.002,39.997,0,1,0
13386,23.620,42.337,0,1,0
13387,23.239,43.031,0,1,0
13388,4.084,244.858,1,0,0
13389,25.442,39.305,0,1,0
13390,3.361,297.530,1,0,0
13391,20.726,48.249,0,1,0
13392,15.812,63.243,0,1,0
13393,16.137,61.969,0,1,0
13394,2.424,412.541,1,0,0
13395,2.742,364.697,1,0,0
13396,2.976,336.022,1,0,0
13397,16.576,60.328,0,1,0
13398,2.897,345.185,1,0,0
13399,3.972,251.762,1,0,0
13400,5.177,193.162,1,0,0
13401,4.204,237.869,1,0,0
13402,3.884,257.467,1,0,0
13403,12.360,80.906,0,1,0
13404,13.694,73.025,0,1,0
13405,2.555,391.389,1,0,0
13406,12.726,78.579,0,1,0
13407,2.635,379.507,1,0,0
13408,2.237,447.027,1,0,0
13409,16.580,60.314,0,1,0
13410,3.426,291.886,1,0,0
13411,15.243,65.604,0,1,0
13412,3.006,332.668,1,0,0
13413,15.744,63.516,0,1,0
13414,5.476,182.615,1,0,0
13415,4.513,221.582,1,0,0
13416,15.206,65.764,0,1,0
13417,3.019,331.236,1,0,0
13418,16.762,59.659,0,1,0
13419,19.382,51.594,0,1,0
13420,2.284,437.828,1,0,0
13421,1.675,597.015,1,0,0
13422,5.203,192.197,1,0,0
13423,18.361,54.463,0,1,0
13424,4.673,213.995,1,0,0
13425,16.180,61.805,0,1,0
13426,4.051,246.853,1,0,0
13427,14.516,68.890,0,1,0
13428,4.176,239.464,1,0,0
13429,13.776,72.590,0,1,0
13430,5.455,183.318,1,0,0
13431,4.231,236.351,1,0,0
13432,3.834,260.824,1,0,0
13433,4.105,243.605,1,0,0
13434,11.708,85.412,0,1,0
13435,15.124,66.120,0,1,0
13436,3.601,277.701,1,0,0
13437,13.694,73.025,0,1,0
13438,3.626,275.786,1,0,0
13439,4.047,247.097,1,0,0
13440,13.344,74.940,0,1,0
13441,4.683,213.538,1,0,0
13442,4.296,232.775,1,0,0
13443,14.411,69.391,0,1,0
13444,4.213,237.361,1,0,0
13445,14.052,71.164,0,1,0
13446,3.697,270.490,1,0,0
13447,4.234,236.183,1,0,0
13448,14.710,67.981,0,1,0
13449,17.353,57.627,0,1,0
13450,17.408,57.445,0,1,0
13451,17.738,56.376,0,1,0
13452,17.174,58.228,0,1,0
13453,15.842,63.123,0,1,0
13454,13.722,72.876,0,1,0
13455,12.174,82.142,0,1,0
13456,3.147,317.763,1,0,0
13457,3.040,328.947,1,0,0
13458,2.137,467.946,1,0,0
13459,12.422,80.502,0,1,0
13460,4.841,206.569,1,0,0
13461,2.491,401.445,1,0,0
13462,12.337,81.057,0,1,0
13463,3.557,281.136,1,0,0
13464,13.054,76.605,0,1,0
13465,4.759,210.128,1,0,0
13466,13.594,73.562,0,1,0
13467,4.373,228.676,1,0,0
13468,4.234,236.183,1,0,0
13469,11.637,85.933,0,1,0
13470,2.927,341.647,1,0,0
13471,2.697,370.782,1,0,0
13472,4.006,249.626,1,0,0
13473,10.035,99.651,0,1,0
13474,3.535,282.885,1,0,0
13475,7.984,125.251,1,0,0
13476,2.694,371.195,1,0,0
13477,1.559,641.437,1,0,0
13478,9.304,107.481,0,1,0
13479,1.626,615.006,1,0,0
13480,7.973,125.423,0,1,0
13481,2.423,412.712,1,0,0
13482,1.930,518.135,1,0,0
13483,7.110,140.647,0,1,0
13484,2.181,458.505,1,0,0
13485,1.997,500.751,1,0,0
13486,1.935,516.796,1,0,0
13487,1.993,501.756,1,0,0
13488,1.912,523.013,1,0,0
13489,8.410,118.906,0,1,0
13490,2.109,474.158,1,0,0
13491,8.729,114.561,0,1,0
13492,9.052,110.473,0,1,0
13493,9.692,103.178,0,1,0
13494,5.122,195.236,1,0,0
13495,4.067,245.881,1,0,0
13496,12.654,79.026,0,1,0
13497,4.376,228.519,1,0,0
13498,11.618,86.073,0,1,0
13499,2.466,405.515,1,0,0
13500,4.619,216.497,1,0,0
13501,13.746,72.748,0,1,0
13502,4.062,246.184,1,0,0
13503,9.010,110.988,0,1,0
13504,10.119,98.824,0,1,0
13505,12.885,77.610,0,1,0
13506,13.614,73.454,0,1,0
13507,2.737,365.364,1,0,0
13508,11.015,90.785,0,1,0
13509,1.895,527.704,1,0,0
13510,10.367,96.460,0,1,0
13511,1.909,523.834,1,0,0
13512,2.854,350.385,1,0,0
13513,2.640,378.788,1,0,0
13514,2.170,460.829,1,0,0
13515,2.365,422.833,1,0,0
13516,2.766,361.533,1,0,0
13517,1.818,550.055,1,0,0
13518,2.724,367.107,1,0,0
13519,7.092,141.004,0,1,0
13520,3.059,326.904,1,0,0
13521,10.384,96.302,0,1,0
13522,4.321,231.428,1,0,0
13523,3.387,295.247,1,0,0
13524,5.034,198.649,1,0,0
13525,2.440,409.836,1,0,0
13526,2.440,409.836,1,0,0
13527,2.985,335.008,1,0,0
13528,9.839,101.636,0,1,0
13529,2.394,417.711,1,0,0
13530,2.583,387.147,1,0,0
13531,11.162,89.590,0,1,0
13532,1.823,548.546,1,0,0
13533,12.171,82.163,0,1,0
13534,10.919,91.583,0,1,0
13535,12.020,83.195,0,1,0
13536,14.572,68.625,0,1,0
13537,13.293,75.228,0,1,0
13538,13.037,76.705,0,1,0
13539,13.905,71.917,0,1,0
13540,15.117,66.151,0,1,0
13541,11.615,86.096,0,1,0
13542,11.821,84.595,0,1,0
13543,13.045,76.658,0,1,0
13544,13.448,74.360,0,1,0
13545,13.747,72.743,0,1,0
13546,13.153,76.028,0,1,0
13547,13.683,73.083,0,1,0
13548,13.558,73.757,0,1,0
13549,14.303,69.915,0,1,0
13550,15.964,62.641,0,1,0
13551,13.720,72.886,0,1,0
13552,4.172,239.693,1,0,0
13553,17.452,57.300,0,1,0
13554,17.385,57.521,0,1,0
13555,2.754,363.108,1,0,0
13556,3.727,268.312,1,0,0
13557,3.215,311.042,1,0,0
13558,19.871,50.325,0,1,0
13559,16.372,61.080,0,1,0
13560,17.729,56.405,0,1,0
13561,17.335,57.687,0,1,0
13562,17.945,55.726,0,1,0
13563,3.188,313.676,1,0,0
13564,2.254,443.656,1,0,0
13565,2.482,402.901,1,0,0
13566,15.790,63.331,0,1,0
13567,17.781,56.240,0,1,0
13568,1.646,607.533,1,0,0
13569,3.849,259.808,1,0,0
13570,3.627,275.710,1,0,0
13571,2.644,378.215,1,0,0
13572,2.809,355.999,1,0,0
13573,15.556,64.284,0,1,0
13574,5.344,187.126,1,0,0
13575,19.854,50.368,0,1,0
13576,5.138,194.628,1,0,0
13577,25.818,38.733,0,1,0
13578,4.164,240.154,1,0,0
13579,16.900,59.172,0,1,0
13580,4.168,239.923,1,0,0
13581,16.257,61.512,0,1,0
13582,4.384,228.102,1,0,0
13583,13.100,76.336,0,1,0
13584,6.990,143.062,1,0,0
13585,14.404,69.425,0,1,0
13586,15.683,63.763,0,1,0
13587,14.834,67.413,0,1,0
13588,16.747,59.712,0,1,0
13589,21.294,46.962,0,1,0
13590,19.463,51.380,0,1,0
13591,21.025,47.562,0,1,0
13592,19.695,50.774,0,1,0
13593,20.164,49.593,0,1,0
13594,17.932,55.766,0,1,0
13595,22.349,44.745,0,1,0
13596,22.598,44.252,0,1,0
13597,22.261,44.922,0,1,0
13598,20.595,48.555,0,1,0
13599,3.569,280.191,1,0,0
13600,3.738,267.523,1,0,0
13601,2.810,355.872,1,0,0
13602,3.260,306.748,1,0,0
13603,17.939,55.744,0,1,0
13604,3.240,308.642,1,0,0
13605,18.790,53.220,0,1,0
13606,17.472,57.234,0,1,0
13607,18.839,53.081,0,1,0
13608,17.629,56.725,0,1,0
13609,3.242,308.452,1,0,0
13610,16.526,60.511,0,1,0
13611,2.241,446.229,1,0,0
13612,2.148,465.549,1,0,0
13613,1.909,523.834,1,0,0
13614,20.495,48.792,0,1,0
13615,15.802,63.283,0,1,0
13616,16.424,60.887,0,1,0
13617,5.069,197.278,1,0,0
13618,5.283,189.286,1,0,0
13619,3.642,274.574,1,0,0
13620,4.719,211.909,1,0,0
13621,4.332,230.840,1,0,0
13622,14.857,67.308,0,1,0
13623,14.177,70.537,0,1,0
13624,4.246,235.516,1,0,0
13625,16.934,59.053,0,1,0
13626,4.146,241.196,1,0,0
13627,4.689,213.265,1,0,0
13628,15.096,66.243,0,1,0
13629,4.229,236.463,1,0,0
13630,3.256,307.125,1,0,0
13631,14.515,68.894,0,1,0
13632,3.789,263.922,1,0,0
13633,3.722,268.673,1,0,0
13634,3.380,295.858,1,0,0
13635,14.768,67.714,0,1,0
13636,3.694,270.709,1,0,0
13637,2.988,334.672,1,0,0
13638,4.907,203.791,1,0,0
13639,11.053,90.473,0,1,0
13640,1.913,522.739,1,0,0
13641,9.905,100.959,0,1,0
13642,4.924,203.087,1,0,0
13643,4.135,241.838,1,0,0
13644,3.214,311.139,1,0,0
13645,9.105,109.830,0,1,0
13646,10.476,95.456,0,1,0
13647,9.633,103.810,0,1,0
13648,10.046,99.542,0,1,0
13649,10.741,93.101,0,1,0
13650,11.918,83.907,0,1,0
13651,12.728,78.567,0,1,0
13652,11.232,89.031,0,1,0
13653,13.574,73.670,0,1,0
13654,14.113,70.857,0,1,0
13655,4.774,209.468,1,0,0
13656,14.252,70.166,0,1,0
13657,2.836,352.609,1,0,0
13658,11.289,88.582,0,1,0
13659,10.966,91.191,0,1,0
13660,11.683,85.594,0,1,0
13661,3.420,292.398,1,0,0
13662,2.499,400.160,1,0,0
13663,4.661,214.546,1,0,0
13664,8.240,121.359,0,1,0
13665,8.703,114.903,0,1,0
13666,10.311,96.984,0,1,0
13667,8.660,115.473,0,1,0
13668,8.938,111.882,0,1,0
13669,5.139,194.590,0,1,0
13670,3.968,252.016,1,0,0
13671,4.415,226.501,0,1,0
13672,4.293,232.937,0,1,0
13673,5.099,196.117,0,1,0
13674,2.363,423.191,1,0,0
13675,4.972,201.126,0,1,0
13676,4.027,248.324,0,1,0
13677,2.350,425.532,1,0,0
13678,1.585,630.915,1,0,0
13679,1.803,554.631,1,0,0
13680,2.794,357.910,1,0,0
13681,4.288,233.209,0,1,0
13682,5.508,181.554,0,1,0
13683,3.730,268.097,0,1,0
13684,6.081,164.447,0,1,0
13685,6.552,152.625,0,1,0
13686,5.101,196.040,0,1,0
13687,6.109,163.693,0,1,0
13688,5.720,174.825,0,1,0
13689,5.616,178.063,0,1,0
13690,7.176,139.353,0,1,0
13691,5.492,182.083,0,1,0
13692,6.685,149.589,0,1,0
13693,4.849,206.228,0,1,0
13694,2.606,383.730,1,0,0
13695,4.593,217.723,0,1,0
13696,4.659,214.638,0,1,0
13697,2.166,461.681,1,0,0
13698,2.017,495.786,1,0,0
13699,1.987,503.271,1,0,0
13700,2.121,471.476,1,0,0
13701,1.957,510.986,1,0,0
13702,2.686,372.301,0,1,0
13703,2.298,435.161,1,0,0
13704,2.679,373.274,1,0,0
13705,3.743,267.165,0,1,0
13706,1.719,581.734,1,0,0
13707,1.620,617.284,1,0,0
13708,4.257,234.907,0,1,0
13709,2.255,443.459,1,0,0
13710,1.953,512.033,1,0,0
13711,2.008,498.008,1,0,0
13712,2.421,413.052,1,0,0
13713,2.213,451.875,1,0,0
13714,4.435,225.479,1,0,0
13715,5.857,170.736,0,1,0
13716,4.047,247.097,1,0,0
13717,8.253,121.168,0,1,0
13718,3.824,261.506,1,0,0
13719,2.347,426.076,1,0,0
13720,2.646,377.929,1,0,0
13721,6.405,156.128,0,1,0
13722,3.736,267.666,1,0,0
13723,2.396,417.362,1,0,0
13724,3.308,302.297,1,0,0
13725,2.921,342.349,1,0,0
13726,3.838,260.552,0,1,0
13727,4.561,219.250,0,1,0
13728,3.312,301.932,1,0,0
13729,5.809,172.147,0,1,0
13730,3.855,259.403,1,0,0
13731,6.927,144.363,0,1,0
13732,5.999,166.694,0,1,0
13733,3.134,319.081,1,0,0
13734,2.901,344.709,1,0,0
13735,3.016,331.565,1,0,0
13736,2.529,395.413,1,0,0
13737,3.251,307.598,0,1,0
13738,2.945,339.559,0,1,0
13739,2.330,429.185,1,0,0
13740,2.541,393.546,1,0,0
13741,3.181,314.367,0,1,0
13742,5.003,199.880,1,0,0
13743,3.449,289.939,0,1,0
13744,4.312,231.911,0,1,0
13745,4.469,223.764,0,1,0
13746,5.260,190.114,1,0,0
13747,3.261,306.654,0,1,0
13748,5.315,188.147,0,1,0
13749,2.970,336.700,0,1,0
13750,3.984,251.004,0,1,0
13751,5.859,170.678,0,1,0
13752,7.009,142.674,0,1,0
13753,7.382,135.465,0,1,0
13754,8.186,122.160,0,1,0
13755,9.115,109.709,0,1,0
13756,7.785,128.452,0,1,0
13757,4.716,212.044,1,0,0
13758,8.385,119.261,0,1,0
13759,3.184,314.070,1,0,0
13760,9.401,106.372,0,1,0
13761,2.486,402.253,1,0,0
13762,5.050,198.020,0,1,0
13763,7.108,140.687,0,1,0
13764,7.771,128.684,0,1,0
13765,7.156,139.743,0,1,0
13766,2.486,402.253,1,0,0
13767,1.383,723.066,1,0,0
13768,5.479,182.515,1,0,0
13769,5.656,176.803,0,1,0
13770,4.999,200.040,0,1,0
13771,4.315,231.750,1,0,0
13772,3.519,284.172,1,0,0
13773,4.435,225.479,1,0,0
13774,4.107,243.487,1,0,0
13775,3.273,305.530,0,1,0
13776,3.946,253.421,1,0,0
13777,4.230,236.407,0,1,0
13778,5.028,198.886,1,0,0
13779,4.868,205.423,0,1,0
13780,3.341,299.312,1,0,0
13781,5.574,179.404,1,0,0
13782,7.057,141.703,0,1,0
13783,4.666,214.316,1,0,0
13784,2.832,353.107,1,0,0
13785,4.183,239.063,1,0,0
13786,8.166,122.459,0,1,0
13787,2.492,401.284,1,0,0
13788,4.810,207.900,0,1,0
13789,2.546,392.773,1,0,0
13790,4.137,241.721,0,1,0
13791,2.121,471.476,1,0,0
13792,2.528,395.570,1,0,0
13793,2.272,440.141,1,0,0
13794,3.477,287.604,0,1,0
13795,1.852,539.957,1,0,0
13796,5.081,196.812,1,0,0
13797,6.399,156.274,0,1,0
13798,5.279,189.430,1,0,0
13799,7.362,135.833,0,1,0
13800,3.677,271.961,1,0,0
13801,3.860,259.067,0,1,0
13802,3.558,281.057,0,1,0
13803,5.273,189.645,1,0,0
13804,20.860,47.939,0,1,0
13805,3.679,271.813,1,0,0
13806,18.903,52.902,0,1,0
13807,4.680,213.675,0,1,0
13808,16.091,62.147,0,1,0
13809,15.138,66.059,0,1,0
13810,13.447,74.366,0,1,0
13811,5.813,172.028,0,1,0
13812,4.204,237.869,0,1,0
13813,3.640,274.725,0,1,0
13814,3.189,313.578,1,0,0
13815,5.572,179.469,0,1,0
AVERAGE,10.251 ms,484.380 Tx/sec,0.489,0.511,0.000
THROUGHPUT,,484.380 Tx/sec,,,
P50_LATENCY,7 ms,,,,
P95_LATENCY,21 ms,,,,
P99_LATENCY,25 ms,,,,
AVG_LATENCY_PER_TX,10.251 ms/Tx,,,,
AVG_FAST_PATH_LATENCY,4.429 ms,,6761 batches,,
AVG_FAST_PATH_LATENCY_PER_TX,4.429 ms/Tx,,,,
AVG_SLOW_PATH_LATENCY,15.832 ms,,,7054 batches,
AVG_SLOW_PATH_LATENCY_PER_TX,15.832 ms/Tx,,,,
GLOBAL_TOTALS,,,6761 ops,7054 ops,0 ops
TOTAL_FAST_PATH_FALLBACKS,0,ops
TOTAL_FAST_COMMITS,6761,ops
TOTAL_SLOW_COMMITS,7054,ops
TOTAL_CONFLICT_COMMITS,0,ops
