pclock,latency (ms) per batch,throughput (Tx/sec),fast path ops,slow path ops,conflict ops
1,5.609,178.285,0,1,0
2,3.601,277.701,0,1,0
3,3.848,259.875,0,1,0
4,3.347,298.775,0,1,0
5,3.881,257.666,0,1,0
6,3.806,262.743,0,1,0
7,3.689,271.076,0,1,0
8,3.931,254.388,0,1,0
9,3.361,297.530,0,1,0
10,3.473,287.936,0,1,0
11,3.189,313.578,0,1,0
12,2.979,335.683,0,1,0
13,3.512,284.738,0,1,0
14,3.622,276.091,0,1,0
15,3.938,253.936,0,1,0
16,3.492,286.369,0,1,0
17,3.226,309.981,0,1,0
18,3.331,300.210,0,1,0
19,3.337,299.670,0,1,0
20,3.112,321.337,0,1,0
21,3.640,274.725,0,1,0
22,3.901,256.345,0,1,0
23,3.943,253.614,0,1,0
24,4.458,224.316,0,1,0
25,3.906,256.016,0,1,0
26,3.546,282.008,0,1,0
27,2.922,342.231,0,1,0
28,3.469,288.268,0,1,0
29,3.647,274.198,0,1,0
30,3.644,274.424,0,1,0
31,3.104,322.165,0,1,0
32,3.380,295.858,0,1,0
33,3.734,267.809,0,1,0
34,3.114,321.130,0,1,0
35,3.643,274.499,0,1,0
36,3.343,299.133,0,1,0
37,2.789,358.551,0,1,0
38,3.808,262.605,0,1,0
39,4.167,239.981,0,1,0
40,4.087,244.678,0,1,0
41,3.594,278.242,0,1,0
42,4.262,234.632,0,1,0
43,3.873,258.198,0,1,0
44,4.192,238.550,0,1,0
45,3.688,271.150,0,1,0
46,3.812,262.329,0,1,0
47,3.598,277.932,0,1,0
48,3.814,262.192,0,1,0
49,3.299,303.122,0,1,0
50,3.667,272.702,0,1,0
51,3.713,269.324,0,1,0
52,3.722,268.673,0,1,0
53,3.904,256.148,0,1,0
54,4.078,245.218,0,1,0
55,3.523,283.849,0,1,0
56,3.565,280.505,0,1,0
57,3.776,264.831,0,1,0
58,3.347,298.775,0,1,0
59,3.674,272.183,0,1,0
60,3.915,255.428,0,1,0
61,3.571,280.034,0,1,0
62,3.904,256.148,0,1,0
63,4.213,237.361,0,1,0
64,3.644,274.424,0,1,0
65,2.977,335.909,0,1,0
66,2.472,404.531,0,1,0
67,2.885,346.620,0,1,0
68,3.320,301.205,0,1,0
69,2.803,356.761,0,1,0
70,3.069,325.839,0,1,0
71,3.253,307.409,0,1,0
72,3.434,291.206,0,1,0
73,3.478,287.522,0,1,0
74,3.345,298.954,0,1,0
75,4.159,240.442,0,1,0
76,4.308,232.126,0,1,0
77,3.493,286.287,0,1,0
78,3.579,279.408,0,1,0
79,2.593,385.654,0,1,0
80,3.082,324.465,0,1,0
81,4.208,237.643,0,1,0
82,3.677,271.961,0,1,0
83,3.501,285.633,0,1,0
84,3.856,259.336,0,1,0
85,3.889,257.136,0,1,0
86,3.464,288.684,0,1,0
87,3.364,297.265,0,1,0
88,3.185,313.972,0,1,0
89,3.415,292.826,0,1,0
90,3.535,282.885,0,1,0
91,3.477,287.604,0,1,0
92,3.917,255.297,0,1,0
93,3.189,313.578,0,1,0
94,2.292,436.300,0,1,0
95,3.487,286.779,0,1,0
96,3.220,310.559,0,1,0
97,2.145,466.200,0,1,0
98,3.893,256.871,0,1,0
99,4.416,226.449,0,1,0
100,3.944,253.550,0,1,0
101,4.048,247.036,0,1,0
102,3.685,271.370,0,1,0
103,3.545,282.087,0,1,0
104,4.178,239.349,0,1,0
105,3.613,276.778,0,1,0
106,2.981,335.458,0,1,0
107,4.211,237.473,0,1,0
108,3.474,287.853,0,1,0
109,3.342,299.222,0,1,0
110,4.171,239.751,0,1,0
111,3.874,258.131,0,1,0
112,3.756,266.241,0,1,0
113,3.866,258.665,0,1,0
114,4.248,235.405,0,1,0
115,2.982,335.345,0,1,0
116,3.523,283.849,0,1,0
117,3.603,277.546,0,1,0
118,4.326,231.160,0,1,0
119,3.482,287.191,0,1,0
120,3.426,291.886,0,1,0
121,3.461,288.934,0,1,0
122,3.268,305.998,0,1,0
123,3.888,257.202,0,1,0
124,3.482,287.191,0,1,0
125,4.229,236.463,0,1,0
126,6.448,155.087,0,1,0
127,3.750,266.667,0,1,0
128,3.933,254.259,0,1,0
129,2.788,358.680,0,1,0
130,2.898,345.066,0,1,0
131,3.550,281.690,0,1,0
132,3.086,324.044,0,1,0
133,3.836,260.688,0,1,0
134,2.171,460.617,0,1,0
135,1.810,552.486,0,1,0
136,1.479,676.133,0,1,0
137,2.439,410.004,0,1,0
138,1.684,593.824,0,1,0
139,1.304,766.871,0,1,0
140,1.373,728.332,0,1,0
141,1.255,796.813,0,1,0
142,1.764,566.893,0,1,0
143,2.143,466.636,0,1,0
144,1.415,706.714,0,1,0
145,2.620,381.679,0,1,0
146,3.150,317.460,0,1,0
147,3.590,278.552,0,1,0
148,3.307,302.389,0,1,0
149,3.737,267.594,0,1,0
150,3.591,278.474,0,1,0
151,3.982,251.130,0,1,0
152,3.847,259.943,0,1,0
153,3.484,287.026,0,1,0
154,3.520,284.091,0,1,0
155,3.444,290.360,0,1,0
156,3.167,315.756,0,1,0
157,3.957,252.717,0,1,0
158,2.815,355.240,0,1,0
159,2.551,392.003,0,1,0
160,2.725,366.972,0,1,0
161,3.048,328.084,0,1,0
162,3.370,296.736,0,1,0
163,3.939,253.872,0,1,0
164,4.056,246.548,0,1,0
165,3.777,264.760,0,1,0
166,3.828,261.233,0,1,0
167,2.963,337.496,0,1,0
168,3.441,290.613,0,1,0
169,3.390,294.985,0,1,0
170,3.165,315.956,0,1,0
171,3.989,250.689,0,1,0
172,2.739,365.097,0,1,0
173,3.178,314.663,0,1,0
174,2.585,386.847,0,1,0
175,2.734,365.764,0,1,0
176,2.316,431.779,0,1,0
177,2.998,333.556,0,1,0
178,3.300,303.030,0,1,0
179,2.648,377.644,0,1,0
180,2.876,347.705,0,1,0
181,3.253,307.409,0,1,0
182,2.753,363.240,0,1,0
183,3.039,329.056,0,1,0
184,3.030,330.033,0,1,0
185,3.099,322.685,0,1,0
186,4.006,249.626,0,1,0
187,3.596,278.087,0,1,0
188,3.927,254.647,0,1,0
189,3.365,297.177,0,1,0
190,3.625,275.862,0,1,0
191,3.455,289.436,0,1,0
192,3.110,321.543,0,1,0
193,3.830,261.097,0,1,0
194,3.465,288.600,0,1,0
195,3.403,293.858,0,1,0
196,3.553,281.452,0,1,0
197,3.205,312.012,0,1,0
198,2.029,492.854,0,1,0
199,2.654,376.790,0,1,0
200,2.509,398.565,0,1,0
201,3.500,285.714,0,1,0
202,3.693,270.783,0,1,0
203,3.672,272.331,0,1,0
204,3.014,331.785,0,1,0
205,3.043,328.623,0,1,0
206,3.051,327.761,0,1,0
207,3.871,258.331,0,1,0
208,3.447,290.107,0,1,0
209,3.382,295.683,0,1,0
210,1.982,504.541,0,1,0
211,1.751,571.102,0,1,0
212,2.112,473.485,0,1,0
213,2.723,367.242,0,1,0
214,2.480,403.226,0,1,0
215,2.512,398.089,0,1,0
216,3.672,272.331,0,1,0
217,3.372,296.560,0,1,0
218,3.743,267.165,0,1,0
219,3.925,254.777,0,1,0
220,3.503,285.470,0,1,0
221,3.411,293.169,0,1,0
222,3.857,259.269,0,1,0
223,3.408,293.427,0,1,0
224,2.607,383.583,0,1,0
225,3.323,300.933,0,1,0
226,3.493,286.287,0,1,0
227,3.241,308.547,0,1,0
228,4.093,244.320,0,1,0
229,3.172,315.259,0,1,0
230,2.899,344.947,0,1,0
231,3.148,317.662,0,1,0
232,3.065,326.264,0,1,0
233,3.641,274.650,0,1,0
234,3.622,276.091,0,1,0
235,3.281,304.785,0,1,0
236,3.853,259.538,0,1,0
237,3.125,320.000,0,1,0
238,2.861,349.528,0,1,0
239,3.171,315.358,0,1,0
240,3.487,286.779,0,1,0
241,3.246,308.071,0,1,0
242,3.619,276.319,0,1,0
243,4.034,247.893,0,1,0
244,2.738,365.230,0,1,0
245,3.212,311.333,0,1,0
246,2.765,361.664,0,1,0
247,2.402,416.320,0,1,0
248,2.663,375.516,0,1,0
249,2.060,485.437,0,1,0
250,2.475,404.040,0,1,0
251,2.415,414.079,0,1,0
252,2.492,401.284,0,1,0
253,3.481,287.274,0,1,0
254,3.275,305.344,0,1,0
255,3.284,304.507,0,1,0
256,4.094,244.260,0,1,0
257,2.616,382.263,0,1,0
258,2.148,465.549,0,1,0
259,2.274,439.754,0,1,0
260,2.568,389.408,0,1,0
261,4.005,249.688,0,1,0
262,3.977,251.446,0,1,0
263,2.359,423.908,0,1,0
264,1.370,729.927,0,1,0
265,4.490,222.717,0,1,0
266,3.048,328.084,0,1,0
267,4.033,247.954,0,1,0
268,3.389,295.072,0,1,0
269,3.510,284.900,0,1,0
270,3.234,309.215,0,1,0
271,3.063,326.477,0,1,0
272,3.163,316.156,0,1,0
273,3.446,290.192,0,1,0
274,3.671,272.405,0,1,0
275,3.939,253.872,0,1,0
276,3.999,250.063,0,1,0
277,4.346,230.097,0,1,0
278,4.351,229.832,0,1,0
279,3.497,285.959,0,1,0
280,4.482,223.115,0,1,0
281,3.429,291.630,0,1,0
282,3.562,280.741,0,1,0
283,3.709,269.614,0,1,0
284,3.619,276.319,0,1,0
285,4.117,242.895,0,1,0
286,3.520,284.091,0,1,0
287,4.075,245.399,0,1,0
288,3.372,296.560,0,1,0
289,3.599,277.855,0,1,0
290,3.725,268.456,0,1,0
291,3.409,293.341,0,1,0
292,3.308,302.297,0,1,0
293,3.027,330.360,0,1,0
294,3.166,315.856,0,1,0
295,3.771,265.182,0,1,0
296,3.886,257.334,0,1,0
297,3.368,296.912,0,1,0
298,3.447,290.107,0,1,0
299,3.289,304.044,0,1,0
300,3.457,289.268,0,1,0
301,3.968,252.016,0,1,0
302,3.412,293.083,0,1,0
303,3.084,324.254,0,1,0
304,3.352,298.329,0,1,0
305,3.548,281.849,0,1,0
306,2.789,358.551,0,1,0
307,2.259,442.674,0,1,0
308,5.589,178.923,0,1,0
309,2.470,404.858,0,1,0
310,2.183,458.085,0,1,0
311,3.581,279.252,0,1,0
312,2.707,369.413,0,1,0
313,3.187,313.775,0,1,0
314,3.183,314.169,0,1,0
315,3.299,303.122,0,1,0
316,2.841,351.989,0,1,0
317,2.560,390.625,0,1,0
318,3.327,300.571,0,1,0
319,3.328,300.481,0,1,0
320,2.715,368.324,0,1,0
321,3.364,297.265,0,1,0
322,3.947,253.357,0,1,0
323,3.814,262.192,0,1,0
324,3.525,283.688,0,1,0
325,2.892,345.781,0,1,0
326,3.422,292.227,0,1,0
327,3.379,295.946,0,1,0
328,3.560,280.899,0,1,0
329,3.703,270.051,0,1,0
330,3.611,276.932,0,1,0
331,3.492,286.369,0,1,0
332,4.489,222.767,0,1,0
333,3.454,289.519,0,1,0
334,3.053,327.547,0,1,0
335,3.905,256.082,0,1,0
336,3.750,266.667,0,1,0
337,3.378,296.033,0,1,0
338,3.614,276.702,0,1,0
339,2.944,339.674,0,1,0
340,2.917,342.818,0,1,0
341,2.949,339.098,0,1,0
342,5.101,196.040,0,1,0
343,4.565,219.058,0,1,0
344,3.856,259.336,0,1,0
345,2.007,498.256,0,1,0
346,2.461,406.339,0,1,0
347,2.354,424.809,0,1,0
348,2.517,397.298,0,1,0
349,2.598,384.911,0,1,0
350,3.352,298.329,0,1,0
351,3.785,264.201,0,1,0
352,4.617,216.591,0,1,0
353,3.715,269.179,0,1,0
354,3.460,289.017,0,1,0
355,4.029,248.201,0,1,0
356,4.028,248.262,0,1,0
357,3.594,278.242,0,1,0
358,3.328,300.481,0,1,0
359,2.693,371.333,0,1,0
360,2.764,361.795,0,1,0
361,5.960,167.785,0,1,0
362,5.007,199.720,0,1,0
363,6.104,163.827,0,1,0
364,4.796,208.507,0,1,0
365,4.312,231.911,0,1,0
366,3.934,254.194,0,1,0
367,4.955,201.816,0,1,0
368,3.548,281.849,0,1,0
369,5.995,166.806,0,1,0
370,4.540,220.264,0,1,0
371,4.840,206.612,0,1,0
372,4.534,220.556,0,1,0
373,4.974,201.045,0,1,0
374,3.487,286.779,0,1,0
375,5.029,198.847,0,1,0
376,4.924,203.087,0,1,0
377,3.591,278.474,0,1,0
378,4.130,242.131,0,1,0
379,3.662,273.075,0,1,0
380,4.288,233.209,0,1,0
381,3.502,285.551,0,1,0
382,5.359,186.602,0,1,0
383,5.185,192.864,0,1,0
384,4.438,225.327,0,1,0
385,3.479,287.439,0,1,0
386,5.436,183.959,0,1,0
387,5.545,180.343,0,1,0
388,4.640,215.517,0,1,0
389,4.469,223.764,0,1,0
390,4.017,248.942,0,1,0
391,3.729,268.168,0,1,0
392,4.943,202.306,0,1,0
393,3.474,287.853,0,1,0
394,4.066,245.942,0,1,0
395,3.774,264.971,0,1,0
396,3.337,299.670,0,1,0
397,3.854,259.471,0,1,0
398,5.626,177.746,0,1,0
399,4.755,210.305,0,1,0
400,4.753,210.393,0,1,0
401,4.304,232.342,0,1,0
402,4.597,217.533,0,1,0
403,4.370,228.833,0,1,0
404,3.379,295.946,0,1,0
405,4.356,229.568,0,1,0
406,3.797,263.366,0,1,0
407,4.928,202.922,0,1,0
408,3.652,273.823,0,1,0
409,3.351,298.418,0,1,0
410,3.307,302.389,0,1,0
411,3.250,307.692,0,1,0
412,4.372,228.728,0,1,0
413,4.261,234.687,0,1,0
414,3.369,296.824,0,1,0
415,3.892,256.937,0,1,0
416,4.635,215.750,0,1,0
417,4.407,226.912,0,1,0
418,4.668,214.225,0,1,0
419,4.819,207.512,0,1,0
420,4.847,206.313,0,1,0
421,4.148,241.080,0,1,0
422,2.963,337.496,0,1,0
423,3.962,252.398,0,1,0
424,4.646,215.239,0,1,0
425,4.212,237.417,0,1,0
426,4.412,226.655,0,1,0
427,4.914,203.500,0,1,0
428,3.828,261.233,0,1,0
429,4.090,244.499,0,1,0
430,3.981,251.193,0,1,0
431,4.009,249.439,0,1,0
432,5.243,190.730,0,1,0
433,4.849,206.228,0,1,0
434,4.642,215.424,0,1,0
435,4.486,222.916,0,1,0
436,3.878,257.865,0,1,0
437,2.433,411.015,0,1,0
438,2.617,382.117,0,1,0
439,2.770,361.011,0,1,0
440,7.174,139.392,0,1,0
441,4.041,247.463,0,1,0
442,3.141,318.370,0,1,0
443,4.258,234.852,0,1,0
444,4.306,232.234,0,1,0
445,4.485,222.965,0,1,0
446,4.919,203.293,0,1,0
447,3.822,261.643,0,1,0
448,4.305,232.288,0,1,0
449,5.435,183.993,0,1,0
450,4.505,221.976,0,1,0
451,6.047,165.371,0,1,0
452,3.389,295.072,0,1,0
453,5.347,187.021,0,1,0
454,3.956,252.781,0,1,0
455,5.498,181.884,0,1,0
456,4.698,212.857,0,1,0
457,4.515,221.484,0,1,0
458,5.253,190.367,0,1,0
459,5.214,191.791,0,1,0
460,4.507,221.877,0,1,0
461,5.095,196.271,0,1,0
462,4.822,207.383,0,1,0
463,3.229,309.693,0,1,0
464,5.010,199.601,0,1,0
465,5.866,170.474,0,1,0
466,3.828,261.233,0,1,0
467,4.805,208.117,0,1,0
468,4.753,210.393,0,1,0
469,5.357,186.672,0,1,0
470,4.697,212.902,0,1,0
471,4.145,241.255,0,1,0
472,5.077,196.967,0,1,0
473,5.215,191.755,0,1,0
474,3.200,312.500,0,1,0
475,4.365,229.095,0,1,0
476,4.637,215.657,0,1,0
477,4.573,218.675,0,1,0
478,3.913,255.558,0,1,0
479,4.503,222.074,0,1,0
480,4.730,211.416,0,1,0
481,3.882,257.599,0,1,0
482,3.339,299.491,0,1,0
483,5.537,180.603,0,1,0
484,3.530,283.286,0,1,0
485,3.950,253.165,0,1,0
486,3.878,257.865,0,1,0
487,3.841,260.349,0,1,0
488,3.631,275.406,0,1,0
489,4.128,242.248,0,1,0
490,3.785,264.201,0,1,0
491,3.256,307.125,0,1,0
492,4.162,240.269,0,1,0
493,4.922,203.169,0,1,0
494,3.855,259.403,0,1,0
495,3.858,259.202,0,1,0
496,3.562,280.741,0,1,0
497,4.164,240.154,0,1,0
498,3.972,251.762,0,1,0
499,3.566,280.426,0,1,0
500,3.390,294.985,0,1,0
501,4.885,204.708,0,1,0
502,3.428,291.715,0,1,0
503,5.523,181.061,0,1,0
504,4.889,204.541,0,1,0
505,3.458,289.184,0,1,0
506,2.858,349.895,0,1,0
507,4.031,248.077,0,1,0
508,4.413,226.603,0,1,0
509,4.281,233.590,0,1,0
510,3.632,275.330,0,1,0
511,5.311,188.288,0,1,0
512,3.394,294.638,0,1,0
513,4.027,248.324,0,1,0
514,4.163,240.211,0,1,0
515,3.589,278.629,0,1,0
516,4.395,227.531,0,1,0
517,4.789,208.812,0,1,0
518,5.271,189.717,0,1,0
519,3.995,250.313,0,1,0
520,3.285,304.414,0,1,0
521,3.954,252.908,0,1,0
522,2.967,337.041,0,1,0
523,4.532,220.653,0,1,0
524,5.180,193.050,0,1,0
525,4.874,205.170,0,1,0
526,5.193,192.567,0,1,0
527,4.179,239.292,0,1,0
528,3.118,320.718,0,1,0
529,5.203,192.197,0,1,0
530,4.158,240.500,0,1,0
531,4.049,246.975,0,1,0
532,3.917,255.297,0,1,0
533,4.877,205.044,0,1,0
534,4.515,221.484,0,1,0
535,5.822,171.762,0,1,0
536,3.597,278.009,0,1,0
537,5.113,195.580,0,1,0
538,3.364,297.265,0,1,0
539,3.105,322.061,0,1,0
540,2.931,341.180,0,1,0
541,4.914,203.500,0,1,0
542,4.187,238.834,0,1,0
543,3.003,333.000,0,1,0
544,4.545,220.022,0,1,0
545,3.633,275.255,0,1,0
546,4.550,219.780,0,1,0
547,4.081,245.038,0,1,0
548,4.622,216.357,0,1,0
549,3.953,252.972,0,1,0
550,3.993,250.438,0,1,0
551,3.785,264.201,0,1,0
552,3.867,258.598,0,1,0
553,4.170,239.808,0,1,0
554,4.191,238.607,0,1,0
555,3.498,285.878,0,1,0
556,5.642,177.242,0,1,0
557,3.566,280.426,0,1,0
558,3.938,253.936,0,1,0
559,5.371,186.185,0,1,0
560,4.851,206.143,0,1,0
561,4.635,215.750,0,1,0
562,4.872,205.255,0,1,0
563,5.380,185.874,0,1,0
564,4.110,243.309,0,1,0
565,4.250,235.294,0,1,0
566,4.850,206.186,0,1,0
567,5.376,186.012,0,1,0
568,5.068,197.316,0,1,0
569,4.966,201.369,0,1,0
570,4.523,221.092,0,1,0
571,4.173,239.636,0,1,0
572,5.068,197.316,0,1,0
573,4.555,219.539,0,1,0
574,5.742,174.155,0,1,0
575,4.970,201.207,0,1,0
576,3.412,293.083,0,1,0
577,3.641,274.650,0,1,0
578,5.257,190.223,0,1,0
579,5.362,186.498,0,1,0
580,4.767,209.776,0,1,0
581,4.035,247.831,0,1,0
582,4.163,240.211,0,1,0
583,4.589,217.912,0,1,0
584,4.612,216.826,0,1,0
585,4.897,204.207,0,1,0
586,5.498,181.884,0,1,0
587,4.549,219.829,0,1,0
588,4.841,206.569,0,1,0
589,4.553,219.635,0,1,0
590,3.473,287.936,0,1,0
591,4.615,216.685,0,1,0
592,4.274,233.973,0,1,0
593,4.629,216.029,0,1,0
594,3.912,255.624,0,1,0
595,4.048,247.036,0,1,0
596,3.024,330.688,0,1,0
597,3.282,304.692,0,1,0
598,3.814,262.192,0,1,0
599,3.996,250.250,0,1,0
600,2.780,359.712,0,1,0
601,3.154,317.058,0,1,0
602,3.020,331.126,0,1,0
603,3.456,289.352,0,1,0
604,3.022,330.907,0,1,0
605,3.846,260.010,0,1,0
606,4.828,207.125,0,1,0
607,4.401,227.221,0,1,0
608,3.897,256.608,0,1,0
609,4.173,239.636,0,1,0
610,3.526,283.607,0,1,0
611,3.671,272.405,0,1,0
612,3.845,260.078,0,1,0
613,3.492,286.369,0,1,0
614,3.672,272.331,0,1,0
615,3.485,286.944,0,1,0
616,3.685,271.370,0,1,0
617,3.468,288.351,0,1,0
618,3.509,284.981,0,1,0
619,4.493,222.568,0,1,0
620,4.520,221.239,0,1,0
621,4.630,215.983,0,1,0
622,5.070,197.239,0,1,0
623,3.769,265.322,0,1,0
624,3.455,289.436,0,1,0
625,4.188,238.777,0,1,0
626,4.512,221.631,0,1,0
627,4.926,203.004,0,1,0
628,4.876,205.086,0,1,0
629,4.987,200.521,0,1,0
630,4.971,201.167,0,1,0
631,4.062,246.184,0,1,0
632,5.420,184.502,0,1,0
633,2.882,346.981,0,1,0
634,4.053,246.731,0,1,0
635,4.734,211.238,0,1,0
636,3.312,301.932,0,1,0
637,3.279,304.971,0,1,0
638,5.248,190.549,0,1,0
639,3.833,260.892,0,1,0
640,3.150,317.460,0,1,0
641,3.073,325.415,0,1,0
642,3.998,250.125,0,1,0
643,5.227,191.314,0,1,0
644,3.542,282.326,0,1,0
645,4.456,224.417,0,1,0
646,3.117,320.821,0,1,0
647,4.566,219.010,0,1,0
648,4.904,203.915,0,1,0
649,4.083,244.918,0,1,0
650,4.377,228.467,0,1,0
651,4.226,236.630,0,1,0
652,3.997,250.188,0,1,0
653,3.958,252.653,0,1,0
654,3.749,266.738,0,1,0
655,4.094,244.260,0,1,0
656,3.620,276.243,0,1,0
657,3.109,321.647,0,1,0
658,2.864,349.162,0,1,0
659,4.215,237.248,0,1,0
660,3.143,318.167,0,1,0
661,3.349,298.597,0,1,0
662,3.703,270.051,0,1,0
663,4.661,214.546,0,1,0
664,3.939,253.872,0,1,0
665,4.214,237.304,0,1,0
666,3.350,298.507,0,1,0
667,3.689,271.076,0,1,0
668,4.670,214.133,0,1,0
669,4.129,242.189,0,1,0
670,4.930,202.840,0,1,0
671,4.826,207.211,0,1,0
672,4.408,226.860,0,1,0
673,4.377,228.467,0,1,0
674,4.457,224.366,0,1,0
675,2.878,347.464,0,1,0
676,3.349,298.597,0,1,0
677,3.408,293.427,0,1,0
678,5.039,198.452,0,1,0
679,3.522,283.930,0,1,0
680,3.602,277.624,0,1,0
681,3.126,319.898,0,1,0
682,3.842,260.281,0,1,0
683,3.871,258.331,0,1,0
684,5.053,197.902,0,1,0
685,4.284,233.427,0,1,0
686,4.281,233.590,0,1,0
687,2.818,354.862,0,1,0
688,4.800,208.333,0,1,0
689,2.610,383.142,0,1,0
690,4.983,200.682,0,1,0
691,4.078,245.218,0,1,0
692,3.666,272.777,0,1,0
693,2.879,347.343,0,1,0
694,4.187,238.834,0,1,0
695,2.357,424.268,0,1,0
696,3.164,316.056,0,1,0
697,2.947,339.328,0,1,0
698,2.336,428.082,0,1,0
699,3.850,259.740,0,1,0
700,3.662,273.075,0,1,0
701,4.167,239.981,0,1,0
702,3.786,264.131,0,1,0
703,5.063,197.511,0,1,0
704,3.468,288.351,0,1,0
705,4.117,242.895,0,1,0
706,2.459,406.669,0,1,0
707,2.527,395.726,0,1,0
708,1.161,861.326,0,1,0
709,2.454,407.498,0,1,0
710,2.958,338.066,0,1,0
711,4.220,236.967,0,1,0
712,2.931,341.180,0,1,0
713,2.554,391.543,0,1,0
714,2.728,366.569,0,1,0
715,3.561,280.820,0,1,0
716,3.480,287.356,0,1,0
717,4.116,242.954,0,1,0
718,2.786,358.938,0,1,0
719,4.037,247.709,0,1,0
720,3.071,325.627,0,1,0
721,4.541,220.216,0,1,0
722,3.363,297.354,0,1,0
723,5.517,181.258,0,1,0
724,6.638,150.648,0,1,0
725,3.479,287.439,0,1,0
726,3.610,277.008,0,1,0
727,2.991,334.336,0,1,0
728,3.284,304.507,0,1,0
729,4.888,204.583,0,1,0
730,2.442,409.500,0,1,0
731,3.225,310.078,0,1,0
732,2.756,362.845,0,1,0
733,2.820,354.610,0,1,0
734,3.453,289.603,0,1,0
735,2.431,411.353,0,1,0
736,3.404,293.772,0,1,0
737,2.385,419.287,0,1,0
738,3.309,302.206,0,1,0
739,3.393,294.724,0,1,0
740,2.392,418.060,0,1,0
741,2.196,455.373,0,1,0
742,3.029,330.142,0,1,0
743,2.187,457.247,0,1,0
744,2.653,376.932,0,1,0
745,2.343,426.803,0,1,0
746,2.324,430.293,0,1,0
747,2.295,435.730,0,1,0
748,3.390,294.985,0,1,0
749,2.323,430.478,0,1,0
750,3.679,271.813,0,1,0
751,1.844,542.299,0,1,0
752,2.921,342.349,0,1,0
753,3.694,270.709,0,1,0
754,2.744,364.431,0,1,0
755,3.166,315.856,0,1,0
756,2.482,402.901,0,1,0
757,2.253,443.853,0,1,0
758,2.935,340.716,0,1,0
759,2.208,452.899,0,1,0
760,2.821,354.484,0,1,0
761,3.584,279.018,0,1,0
762,2.673,374.111,0,1,0
763,1.889,529.381,0,1,0
764,2.052,487.329,0,1,0
765,2.682,372.856,0,1,0
766,2.649,377.501,0,1,0
767,2.382,419.815,0,1,0
768,2.033,491.884,0,1,0
769,2.823,354.233,0,1,0
770,3.250,307.692,0,1,0
771,3.434,291.206,0,1,0
772,3.806,262.743,0,1,0
773,2.632,379.939,0,1,0
774,3.194,313.087,0,1,0
775,2.940,340.136,0,1,0
776,3.457,289.268,0,1,0
777,4.275,233.918,0,1,0
778,2.641,378.644,0,1,0
779,2.419,413.394,0,1,0
780,3.119,320.616,0,1,0
781,2.760,362.319,0,1,0
782,2.828,353.607,0,1,0
783,2.883,346.861,0,1,0
784,2.805,356.506,0,1,0
785,3.831,261.028,0,1,0
786,3.925,254.777,0,1,0
787,3.218,310.752,0,1,0
788,2.905,344.234,0,1,0
789,2.484,402.576,0,1,0
790,3.419,292.483,0,1,0
791,3.101,322.477,0,1,0
792,4.174,239.578,0,1,0
793,3.315,301.659,0,1,0
794,3.383,295.596,0,1,0
795,2.277,439.174,0,1,0
796,2.470,404.858,0,1,0
797,3.249,307.787,0,1,0
798,2.817,354.988,0,1,0
799,2.984,335.121,0,1,0
800,2.199,454.752,0,1,0
801,3.171,315.358,0,1,0
802,4.124,242.483,0,1,0
803,3.401,294.031,0,1,0
804,2.748,363.901,0,1,0
805,2.975,336.134,0,1,0
806,2.473,404.367,0,1,0
807,2.714,368.460,0,1,0
808,2.731,366.166,0,1,0
809,3.433,291.290,0,1,0
810,2.520,396.825,0,1,0
811,4.029,248.201,0,1,0
812,2.073,482.393,0,1,0
813,1.737,575.705,0,1,0
814,2.299,434.972,0,1,0
815,2.347,426.076,0,1,0
816,2.650,377.358,0,1,0
817,2.681,372.995,0,1,0
818,2.881,347.102,0,1,0
819,3.467,288.434,0,1,0
820,3.308,302.297,0,1,0
821,5.014,199.442,0,1,0
822,3.068,325.945,0,1,0
823,2.572,388.802,0,1,0
824,3.501,285.633,0,1,0
825,3.373,296.472,0,1,0
826,2.521,396.668,0,1,0
827,2.254,443.656,0,1,0
828,2.180,458.716,0,1,0
829,2.767,361.402,0,1,0
830,4.032,248.016,0,1,0
831,2.967,337.041,0,1,0
832,3.637,274.952,0,1,0
833,3.348,298.686,0,1,0
834,3.661,273.149,0,1,0
835,1.885,530.504,0,1,0
836,2.892,345.781,0,1,0
837,3.029,330.142,0,1,0
838,3.097,322.893,0,1,0
839,2.489,401.768,0,1,0
840,3.453,289.603,0,1,0
841,2.833,352.983,0,1,0
842,3.222,310.366,0,1,0
843,3.838,260.552,0,1,0
844,3.207,311.818,0,1,0
845,2.800,357.143,0,1,0
846,3.843,260.213,0,1,0
847,3.403,293.858,0,1,0
848,2.838,352.361,0,1,0
849,2.672,374.251,0,1,0
850,1.883,531.067,0,1,0
851,2.994,334.001,0,1,0
852,2.476,403.877,0,1,0
853,3.232,309.406,0,1,0
854,2.378,420.521,0,1,0
855,1.968,508.130,0,1,0
856,2.184,457.875,0,1,0
857,1.988,503.018,0,1,0
858,2.790,358.423,0,1,0
859,2.548,392.465,0,1,0
860,3.070,325.733,0,1,0
861,2.851,350.754,0,1,0
862,2.366,422.654,0,1,0
863,2.581,387.447,0,1,0
864,3.266,306.185,0,1,0
865,3.069,325.839,0,1,0
866,3.167,315.756,0,1,0
867,2.798,357.398,0,1,0
868,2.480,403.226,0,1,0
869,2.668,374.813,0,1,0
870,3.025,330.579,0,1,0
871,2.970,336.700,0,1,0
872,2.922,342.231,0,1,0
873,2.502,399.680,0,1,0
874,2.621,381.534,0,1,0
875,2.482,402.901,0,1,0
876,2.367,422.476,0,1,0
877,3.534,282.965,0,1,0
878,2.976,336.022,0,1,0
879,3.547,281.928,0,1,0
880,2.724,367.107,0,1,0
881,2.090,478.469,0,1,0
882,3.337,299.670,0,1,0
883,2.649,377.501,0,1,0
884,2.873,348.068,0,1,0
885,2.122,471.254,0,1,0
886,3.984,251.004,0,1,0
887,3.021,331.016,0,1,0
888,3.060,326.797,0,1,0
889,2.478,403.551,0,1,0
890,3.317,301.477,0,1,0
891,3.094,323.206,0,1,0
892,4.874,205.170,0,1,0
893,2.652,377.074,0,1,0
894,2.920,342.466,0,1,0
895,3.146,317.864,0,1,0
896,3.540,282.486,0,1,0
897,2.891,345.901,0,1,0
898,2.374,421.230,0,1,0
899,3.617,276.472,0,1,0
900,2.230,448.430,0,1,0
901,2.682,372.856,0,1,0
902,2.580,387.597,0,1,0
903,3.153,317.158,0,1,0
904,3.953,252.972,0,1,0
905,3.022,330.907,0,1,0
906,2.653,376.932,0,1,0
907,2.743,364.564,0,1,0
908,3.307,302.389,0,1,0
909,3.415,292.826,0,1,0
910,3.000,333.333,0,1,0
911,2.853,350.508,0,1,0
912,3.070,325.733,0,1,0
913,3.750,266.667,0,1,0
914,3.186,313.873,0,1,0
915,4.002,249.875,0,1,0
916,2.498,400.320,0,1,0
917,2.740,364.964,0,1,0
918,2.825,353.982,0,1,0
919,3.198,312.695,0,1,0
920,3.331,300.210,0,1,0
921,2.507,398.883,0,1,0
922,3.077,324.992,0,1,0
923,2.010,497.512,0,1,0
924,4.045,247.219,0,1,0
925,2.961,337.724,0,1,0
926,3.403,293.858,0,1,0
927,3.126,319.898,0,1,0
928,2.977,335.909,0,1,0
929,2.806,356.379,0,1,0
930,9.452,105.798,0,1,0
931,2.143,466.636,0,1,0
932,3.111,321.440,0,1,0
933,3.351,298.418,0,1,0
934,2.976,336.022,0,1,0
935,3.213,311.236,0,1,0
936,2.914,343.171,0,1,0
937,3.199,312.598,0,1,0
938,3.225,310.078,0,1,0
939,3.576,279.642,0,1,0
940,2.832,353.107,0,1,0
941,3.387,295.247,0,1,0
942,2.708,369.276,0,1,0
943,3.358,297.796,0,1,0
944,3.433,291.290,0,1,0
945,3.495,286.123,0,1,0
946,3.109,321.647,0,1,0
947,3.405,293.686,0,1,0
948,2.954,338.524,0,1,0
949,3.118,320.718,0,1,0
950,2.828,353.607,0,1,0
951,3.242,308.452,0,1,0
952,2.254,443.656,0,1,0
953,3.589,278.629,0,1,0
954,4.327,231.107,0,1,0
955,4.086,244.738,0,1,0
956,3.918,255.232,0,1,0
957,3.879,257.798,0,1,0
958,3.855,259.403,0,1,0
959,3.263,306.466,0,1,0
960,3.531,283.206,0,1,0
961,3.115,321.027,0,1,0
962,3.888,257.202,0,1,0
963,3.068,325.945,0,1,0
964,3.825,261.438,0,1,0
965,3.163,316.156,0,1,0
966,3.488,286.697,0,1,0
967,3.019,331.236,0,1,0
968,4.641,215.471,0,1,0
969,3.304,302.663,0,1,0
970,3.369,296.824,0,1,0
971,2.535,394.477,0,1,0
972,3.614,276.702,0,1,0
973,2.208,452.899,0,1,0
974,3.409,293.341,0,1,0
975,3.248,307.882,0,1,0
976,2.669,374.672,0,1,0
977,5.781,172.980,0,1,0
978,4.049,246.975,0,1,0
979,3.302,302.847,0,1,0
980,3.525,283.688,0,1,0
981,2.875,347.826,0,1,0
982,4.324,231.267,0,1,0
983,3.768,265.393,0,1,0
984,3.502,285.551,0,1,0
985,3.029,330.142,0,1,0
986,2.709,369.140,0,1,0
987,1.819,549.753,0,1,0
988,4.278,233.754,0,1,0
989,2.588,386.399,0,1,0
990,3.569,280.191,0,1,0
991,3.366,297.089,0,1,0
992,2.474,404.204,0,1,0
993,3.030,330.033,0,1,0
994,3.538,282.646,0,1,0
995,2.890,346.021,0,1,0
996,3.652,273.823,0,1,0
997,2.894,345.543,0,1,0
998,4.139,241.604,0,1,0
999,2.640,378.788,0,1,0
1000,2.701,370.233,0,1,0
1001,2.569,389.257,0,1,0
1002,2.375,421.053,0,1,0
1003,2.766,361.533,0,1,0
1004,2.417,413.736,0,1,0
1005,3.535,282.885,0,1,0
1006,2.730,366.300,0,1,0
1007,3.385,295.421,0,1,0
1008,3.060,326.797,0,1,0
1009,3.757,266.170,0,1,0
1010,2.552,391.850,0,1,0
1011,2.371,421.763,0,1,0
1012,2.928,341.530,0,1,0
1013,2.206,453.309,0,1,0
1014,3.362,297.442,0,1,0
1015,3.642,274.574,0,1,0
1016,2.341,427.168,0,1,0
1017,2.470,404.858,0,1,0
1018,2.633,379.795,0,1,0
1019,4.196,238.322,0,1,0
1020,3.187,313.775,0,1,0
1021,2.683,372.717,0,1,0
1022,3.304,302.663,0,1,0
1023,2.496,400.641,0,1,0
1024,3.670,272.480,0,1,0
1025,1.871,534.474,0,1,0
1026,2.976,336.022,0,1,0
1027,3.138,318.674,0,1,0
1028,2.498,400.320,0,1,0
1029,3.184,314.070,0,1,0
1030,2.622,381.388,0,1,0
1031,2.050,487.805,0,1,0
1032,2.784,359.195,0,1,0
1033,3.443,290.444,0,1,0
1034,2.150,465.116,0,1,0
1035,2.804,356.633,0,1,0
1036,2.452,407.830,0,1,0
1037,2.676,373.692,0,1,0
1038,2.926,341.763,0,1,0
1039,3.176,314.861,0,1,0
1040,2.845,351.494,0,1,0
1041,2.085,479.616,0,1,0
1042,2.159,463.177,0,1,0
1043,2.564,390.016,0,1,0
1044,3.292,303.767,0,1,0
1045,2.806,356.379,0,1,0
1046,2.860,349.650,0,1,0
1047,4.301,232.504,0,1,0
1048,2.788,358.680,0,1,0
1049,4.871,205.297,0,1,0
1050,3.084,324.254,0,1,0
1051,3.156,316.857,0,1,0
1052,2.000,500.000,0,1,0
1053,1.771,564.653,0,1,0
1054,2.008,498.008,0,1,0
1055,2.558,390.930,0,1,0
1056,2.354,424.809,0,1,0
1057,2.419,413.394,0,1,0
1058,3.185,313.972,0,1,0
1059,2.077,481.464,0,1,0
1060,2.458,406.835,0,1,0
1061,2.345,426.439,0,1,0
1062,2.499,400.160,0,1,0
1063,2.342,426.985,0,1,0
1064,3.167,315.756,0,1,0
1065,3.719,268.889,0,1,0
1066,2.953,338.639,0,1,0
1067,2.859,349.773,0,1,0
1068,2.649,377.501,0,1,0
1069,2.818,354.862,0,1,0
1070,2.906,344.116,0,1,0
1071,2.640,378.788,0,1,0
1072,3.952,253.036,0,1,0
1073,2.515,397.614,0,1,0
1074,1.901,526.039,0,1,0
1075,2.257,443.066,0,1,0
1076,1.621,616.903,0,1,0
1077,2.743,364.564,0,1,0
1078,2.577,388.048,0,1,0
1079,2.828,353.607,0,1,0
1080,3.264,306.373,0,1,0
1081,2.844,351.617,0,1,0
1082,5.480,182.482,0,1,0
1083,2.259,442.674,0,1,0
1084,3.903,256.213,0,1,0
1085,1.947,513.611,0,1,0
1086,1.722,580.720,0,1,0
1087,3.336,299.760,0,1,0
1088,3.590,278.552,0,1,0
1089,2.087,479.157,0,1,0
1090,3.635,275.103,0,1,0
1091,3.989,250.689,0,1,0
1092,2.144,466.418,0,1,0
1093,3.222,310.366,0,1,0
1094,2.724,367.107,0,1,0
1095,3.017,331.455,0,1,0
1096,4.221,236.911,0,1,0
1097,3.431,291.460,0,1,0
1098,2.916,342.936,0,1,0
1099,2.202,454.133,0,1,0
1100,4.369,228.885,0,1,0
1101,3.392,294.811,0,1,0
1102,3.442,290.529,0,1,0
1103,2.899,344.947,0,1,0
1104,3.428,291.715,0,1,0
1105,3.493,286.287,0,1,0
1106,3.680,271.739,0,1,0
1107,2.987,334.784,0,1,0
1108,2.247,445.038,0,1,0
1109,3.503,285.470,0,1,0
1110,4.277,233.809,0,1,0
1111,2.863,349.284,0,1,0
1112,3.966,252.143,0,1,0
1113,2.630,380.228,0,1,0
1114,2.704,369.822,0,1,0
1115,1.625,615.385,0,1,0
1116,2.400,416.667,0,1,0
1117,1.951,512.558,0,1,0
1118,1.946,513.875,0,1,0
1119,2.445,408.998,0,1,0
1120,3.321,301.114,0,1,0
1121,2.929,341.413,0,1,0
1122,2.183,458.085,0,1,0
1123,2.530,395.257,0,1,0
1124,3.706,269.833,0,1,0
1125,2.256,443.262,0,1,0
1126,1.909,523.834,0,1,0
1127,3.430,291.545,0,1,0
1128,3.085,324.149,0,1,0
1129,3.217,310.849,0,1,0
1130,2.392,418.060,0,1,0
1131,2.343,426.803,0,1,0
1132,3.116,320.924,0,1,0
1133,2.994,334.001,0,1,0
1134,2.948,339.213,0,1,0
1135,4.016,249.004,0,1,0
1136,4.300,232.558,0,1,0
1137,4.348,229.991,0,1,0
1138,3.053,327.547,0,1,0
1139,3.992,250.501,0,1,0
1140,2.117,472.367,0,1,0
1141,2.503,399.521,0,1,0
1142,3.309,302.206,0,1,0
1143,3.253,307.409,0,1,0
1144,2.123,471.032,0,1,0
1145,2.569,389.257,0,1,0
1146,3.505,285.307,0,1,0
1147,2.877,347.584,0,1,0
1148,3.142,318.269,0,1,0
1149,2.187,457.247,0,1,0
1150,2.217,451.060,0,1,0
1151,3.335,299.850,0,1,0
1152,2.916,342.936,0,1,0
1153,3.461,288.934,0,1,0
1154,3.235,309.119,0,1,0
1155,3.936,254.065,0,1,0
1156,3.056,327.225,0,1,0
1157,4.601,217.344,0,1,0
1158,3.338,299.581,0,1,0
1159,3.126,319.898,0,1,0
1160,3.462,288.850,0,1,0
1161,2.988,334.672,0,1,0
1162,8.154,122.639,0,1,0
1163,3.293,303.674,0,1,0
1164,3.400,294.118,0,1,0
1165,2.159,463.177,0,1,0
1166,2.834,352.858,0,1,0
1167,3.724,268.528,0,1,0
1168,2.687,372.162,0,1,0
1169,4.153,240.790,0,1,0
1170,1.869,535.045,0,1,0
1171,1.863,536.769,0,1,0
1172,2.533,394.789,0,1,0
1173,1.845,542.005,0,1,0
1174,3.293,303.674,0,1,0
1175,3.536,282.805,0,1,0
1176,2.633,379.795,0,1,0
1177,2.914,343.171,0,1,0
1178,3.369,296.824,0,1,0
1179,2.084,479.846,0,1,0
1180,2.503,399.521,0,1,0
1181,2.475,404.040,0,1,0
1182,3.481,287.274,0,1,0
1183,3.513,284.657,0,1,0
1184,3.009,332.336,0,1,0
1185,4.028,248.262,0,1,0
1186,3.203,312.207,0,1,0
1187,4.520,221.239,0,1,0
1188,3.151,317.360,0,1,0
1189,5.172,193.349,0,1,0
1190,2.243,445.831,0,1,0
1191,3.606,277.316,0,1,0
1192,4.616,216.638,0,1,0
1193,2.821,354.484,0,1,0
1194,3.869,258.465,0,1,0
1195,3.149,317.561,0,1,0
1196,4.757,210.217,0,1,0
1197,3.696,270.563,0,1,0
1198,3.787,264.061,0,1,0
1199,2.997,333.667,0,1,0
1200,5.619,177.968,0,1,0
1201,2.937,340.483,0,1,0
1202,3.966,252.143,0,1,0
1203,3.621,276.167,0,1,0
1204,3.578,279.486,0,1,0
1205,4.712,212.224,0,1,0
1206,4.470,223.714,0,1,0
1207,3.375,296.296,0,1,0
1208,3.742,267.237,0,1,0
1209,2.888,346.260,0,1,0
1210,3.534,282.965,0,1,0
1211,3.594,278.242,0,1,0
1212,3.649,274.048,0,1,0
1213,3.119,320.616,0,1,0
1214,4.104,243.665,0,1,0
1215,3.532,283.126,0,1,0
1216,2.977,335.909,0,1,0
1217,4.432,225.632,0,1,0
1218,2.930,341.297,0,1,0
1219,3.586,278.862,0,1,0
1220,3.176,314.861,0,1,0
1221,5.055,197.824,0,1,0
1222,3.744,267.094,0,1,0
1223,4.383,228.154,0,1,0
1224,3.257,307.031,0,1,0
1225,3.740,267.380,0,1,0
1226,3.851,259.673,0,1,0
1227,3.744,267.094,0,1,0
1228,3.858,259.202,0,1,0
1229,5.027,198.926,0,1,0
1230,3.070,325.733,0,1,0
1231,3.939,253.872,0,1,0
1232,3.476,287.687,0,1,0
1233,3.300,303.030,0,1,0
1234,4.074,245.459,0,1,0
1235,3.506,285.225,0,1,0
1236,3.388,295.159,0,1,0
1237,3.333,300.030,0,1,0
1238,3.300,303.030,0,1,0
1239,4.015,249.066,0,1,0
1240,3.403,293.858,0,1,0
1241,3.864,258.799,0,1,0
1242,3.670,272.480,0,1,0
1243,3.201,312.402,0,1,0
1244,4.832,206.954,0,1,0
1245,2.942,339.905,0,1,0
1246,3.622,276.091,0,1,0
1247,2.713,368.596,0,1,0
1248,3.292,303.767,0,1,0
1249,2.289,436.872,0,1,0
1250,1.622,616.523,0,1,0
1251,3.326,300.661,0,1,0
1252,1.369,730.460,0,1,0
1253,1.406,711.238,0,1,0
1254,3.087,323.939,0,1,0
1255,2.362,423.370,0,1,0
1256,1.952,512.295,0,1,0
1257,2.946,339.443,0,1,0
1258,1.980,505.051,0,1,0
1259,2.223,449.843,0,1,0
1260,3.727,268.312,0,1,0
1261,2.111,473.709,0,1,0
1262,3.150,317.460,0,1,0
1263,2.401,416.493,0,1,0
1264,2.303,434.216,0,1,0
1265,2.293,436.110,0,1,0
1266,3.195,312.989,0,1,0
1267,2.211,452.284,0,1,0
1268,1.692,591.017,0,1,0
1269,2.341,427.168,0,1,0
1270,1.585,630.915,0,1,0
1271,2.959,337.952,0,1,0
1272,2.218,450.857,0,1,0
1273,1.693,590.667,0,1,0
1274,2.004,499.002,0,1,0
1275,3.342,299.222,0,1,0
1276,2.017,495.786,0,1,0
1277,1.579,633.312,0,1,0
1278,1.809,552.792,0,1,0
1279,1.658,603.136,0,1,0
1280,1.478,676.590,0,1,0
1281,1.967,508.388,0,1,0
1282,1.761,567.859,0,1,0
1283,2.890,346.021,0,1,0
1284,1.978,505.561,0,1,0
1285,1.545,647.249,0,1,0
1286,2.483,402.739,0,1,0
1287,3.307,302.389,0,1,0
1288,2.446,408.831,0,1,0
1289,1.862,537.057,0,1,0
1290,2.548,392.465,0,1,0
1291,1.924,519.751,0,1,0
1292,2.743,364.564,0,1,0
1293,1.644,608.273,0,1,0
1294,2.027,493.340,0,1,0
1295,3.374,296.384,0,1,0
1296,3.241,308.547,0,1,0
1297,3.057,327.118,0,1,0
1298,2.072,482.625,0,1,0
1299,3.064,326.371,0,1,0
1300,1.827,547.345,0,1,0
1301,2.215,451.467,0,1,0
1302,3.931,254.388,0,1,0
1303,2.055,486.618,0,1,0
1304,2.354,424.809,0,1,0
1305,2.747,364.033,0,1,0
1306,2.685,372.439,0,1,0
1307,4.145,241.255,0,1,0
1308,3.194,313.087,0,1,0
1309,5.260,190.114,0,1,0
1310,2.004,499.002,0,1,0
1311,2.508,398.724,0,1,0
1312,3.656,273.523,0,1,0
1313,3.502,285.551,0,1,0
1314,2.647,377.786,0,1,0
1315,3.302,302.847,0,1,0
1316,3.407,293.513,0,1,0
1317,3.096,322.997,0,1,0
1318,6.524,153.280,0,1,0
1319,3.246,308.071,0,1,0
1320,3.211,311.429,0,1,0
1321,4.261,234.687,0,1,0
1322,4.411,226.706,0,1,0
1323,3.392,294.811,0,1,0
1324,2.437,410.341,0,1,0
1325,2.945,339.559,0,1,0
1326,2.913,343.289,0,1,0
1327,3.041,328.839,0,1,0
1328,3.767,265.463,0,1,0
1329,3.186,313.873,0,1,0
1330,2.955,338.409,0,1,0
1331,2.228,448.833,0,1,0
1332,4.023,248.571,0,1,0
1333,2.986,334.896,0,1,0
1334,2.706,369.549,0,1,0
1335,2.230,448.430,0,1,0
1336,4.288,233.209,0,1,0
1337,1.855,539.084,0,1,0
1338,2.586,386.698,0,1,0
1339,1.533,652.316,0,1,0
1340,3.018,331.345,0,1,0
1341,2.347,426.076,0,1,0
1342,4.244,235.627,0,1,0
1343,1.657,603.500,0,1,0
1344,2.256,443.262,0,1,0
1345,2.070,483.092,0,1,0
1346,3.482,287.191,0,1,0
1347,3.821,261.712,0,1,0
1348,3.389,295.072,0,1,0
1349,3.163,316.156,0,1,0
1350,4.166,240.038,0,1,0
1351,2.833,352.983,0,1,0
1352,3.343,299.133,0,1,0
1353,3.101,322.477,0,1,0
1354,2.353,424.989,0,1,0
1355,3.405,293.686,0,1,0
1356,2.917,342.818,0,1,0
1357,3.181,314.367,0,1,0
1358,3.035,329.489,0,1,0
1359,4.083,244.918,0,1,0
1360,3.025,330.579,0,1,0
1361,3.022,330.907,0,1,0
1362,2.433,411.015,0,1,0
1363,4.328,231.054,0,1,0
1364,3.928,254.582,0,1,0
1365,4.796,208.507,0,1,0
1366,3.195,312.989,0,1,0
1367,4.729,211.461,0,1,0
1368,2.499,400.160,0,1,0
1369,4.252,235.183,0,1,0
1370,4.161,240.327,0,1,0
1371,3.927,254.647,0,1,0
1372,3.046,328.299,0,1,0
1373,3.685,271.370,0,1,0
1374,2.377,420.698,0,1,0
1375,2.948,339.213,0,1,0
1376,2.426,412.201,0,1,0
1377,3.064,326.371,0,1,0
1378,4.301,232.504,0,1,0
1379,2.313,432.339,0,1,0
1380,3.598,277.932,0,1,0
1381,2.542,393.391,0,1,0
1382,3.146,317.864,0,1,0
1383,4.868,205.423,0,1,0
1384,3.293,303.674,0,1,0
1385,4.188,238.777,0,1,0
1386,3.803,262.950,0,1,0
1387,3.587,278.784,0,1,0
1388,3.921,255.037,0,1,0
1389,4.267,234.357,0,1,0
1390,2.920,342.466,0,1,0
1391,3.575,279.720,0,1,0
1392,3.654,273.673,0,1,0
1393,3.827,261.301,0,1,0
1394,3.610,277.008,0,1,0
1395,3.333,300.030,0,1,0
1396,4.275,233.918,0,1,0
1397,5.010,199.601,0,1,0
1398,3.950,253.165,0,1,0
1399,3.904,256.148,0,1,0
1400,4.629,216.029,0,1,0
1401,4.959,201.654,0,1,0
1402,4.921,203.211,0,1,0
1403,3.435,291.121,0,1,0
1404,3.111,321.440,0,1,0
1405,3.998,250.125,0,1,0
1406,4.037,247.709,0,1,0
1407,4.102,243.784,0,1,0
1408,3.343,299.133,0,1,0
1409,3.726,268.384,0,1,0
1410,4.441,225.175,0,1,0
1411,3.018,331.345,0,1,0
1412,3.215,311.042,0,1,0
1413,3.498,285.878,0,1,0
1414,3.668,272.628,0,1,0
1415,2.924,341.997,0,1,0
1416,3.131,319.387,0,1,0
1417,2.497,400.481,0,1,0
1418,2.603,384.172,0,1,0
1419,3.928,254.582,0,1,0
1420,2.969,336.814,0,1,0
1421,3.950,253.165,0,1,0
1422,3.107,321.854,0,1,0
1423,4.534,220.556,0,1,0
1424,3.465,288.600,0,1,0
1425,4.272,234.082,0,1,0
1426,1.750,571.429,0,1,0
1427,3.060,326.797,0,1,0
1428,3.434,291.206,0,1,0
1429,2.366,422.654,0,1,0
1430,2.586,386.698,0,1,0
1431,1.663,601.323,0,1,0
1432,2.316,431.779,0,1,0
1433,2.831,353.232,0,1,0
1434,3.052,327.654,0,1,0
1435,4.368,228.938,0,1,0
1436,2.068,483.559,0,1,0
1437,2.550,392.157,0,1,0
1438,2.875,347.826,0,1,0
1439,2.702,370.096,0,1,0
1440,2.849,351.000,0,1,0
1441,2.781,359.583,0,1,0
1442,2.971,336.587,0,1,0
1443,1.417,705.716,0,1,0
1444,1.606,622.665,0,1,0
1445,2.597,385.060,0,1,0
1446,2.367,422.476,0,1,0
1447,3.429,291.630,0,1,0
1448,3.149,317.561,0,1,0
1449,2.703,369.959,0,1,0
1450,3.020,331.126,0,1,0
1451,3.484,287.026,0,1,0
1452,3.029,330.142,0,1,0
1453,3.467,288.434,0,1,0
1454,3.037,329.272,0,1,0
1455,2.343,426.803,0,1,0
1456,3.154,317.058,0,1,0
1457,3.705,269.906,0,1,0
1458,3.161,316.356,0,1,0
1459,2.476,403.877,0,1,0
1460,2.148,465.549,0,1,0
1461,3.559,280.978,0,1,0
1462,2.697,370.782,0,1,0
1463,2.814,355.366,0,1,0
1464,3.570,280.112,0,1,0
1465,2.659,376.081,0,1,0
1466,2.985,335.008,0,1,0
1467,3.635,275.103,0,1,0
1468,2.994,334.001,0,1,0
1469,2.416,413.907,0,1,0
1470,2.609,383.289,0,1,0
1471,3.371,296.648,0,1,0
1472,2.669,374.672,0,1,0
1473,3.881,257.666,0,1,0
1474,3.199,312.598,0,1,0
1475,2.517,397.298,0,1,0
1476,2.150,465.116,0,1,0
1477,3.408,293.427,0,1,0
1478,3.437,290.951,0,1,0
1479,2.725,366.972,0,1,0
1480,3.571,280.034,0,1,0
1481,3.004,332.889,0,1,0
1482,2.746,364.166,0,1,0
1483,2.552,391.850,0,1,0
1484,3.775,264.901,0,1,0
1485,3.455,289.436,0,1,0
1486,2.572,388.802,0,1,0
1487,3.203,312.207,0,1,0
1488,3.244,308.261,0,1,0
1489,3.040,328.947,0,1,0
1490,3.588,278.707,0,1,0
1491,3.310,302.115,0,1,0
1492,1.738,575.374,0,1,0
1493,1.840,543.478,0,1,0
1494,3.371,296.648,0,1,0
1495,2.791,358.295,0,1,0
1496,3.694,270.709,0,1,0
1497,2.336,428.082,0,1,0
1498,3.172,315.259,0,1,0
1499,3.064,326.371,0,1,0
1500,2.987,334.784,0,1,0
1501,3.699,270.343,0,1,0
1502,2.857,350.018,0,1,0
1503,2.743,364.564,0,1,0
1504,2.359,423.908,0,1,0
1505,3.437,290.951,0,1,0
1506,3.405,293.686,0,1,0
1507,5.052,197.941,0,1,0
1508,3.850,259.740,0,1,0
1509,3.235,309.119,0,1,0
1510,3.172,315.259,0,1,0
1511,3.227,309.885,0,1,0
1512,6.303,158.655,0,1,0
1513,4.450,224.719,0,1,0
1514,2.916,342.936,0,1,0
1515,2.993,334.113,0,1,0
1516,3.937,254.001,0,1,0
1517,2.763,361.925,0,1,0
1518,5.070,197.239,0,1,0
1519,3.715,269.179,0,1,0
1520,3.646,274.273,0,1,0
1521,4.270,234.192,0,1,0
1522,3.692,270.856,0,1,0
1523,2.844,351.617,0,1,0
1524,4.868,205.423,0,1,0
1525,5.006,199.760,0,1,0
1526,3.373,296.472,0,1,0
1527,4.561,219.250,0,1,0
1528,3.713,269.324,0,1,0
1529,3.618,276.396,0,1,0
1530,4.299,232.612,0,1,0
1531,3.591,278.474,0,1,0
1532,4.035,247.831,0,1,0
1533,4.063,246.124,0,1,0
1534,3.442,290.529,0,1,0
1535,4.230,236.407,0,1,0
1536,2.942,339.905,0,1,0
1537,4.198,238.209,0,1,0
1538,2.482,402.901,0,1,0
1539,2.141,467.071,0,1,0
1540,2.732,366.032,0,1,0
1541,3.683,271.518,0,1,0
1542,4.726,211.595,0,1,0
1543,4.986,200.562,0,1,0
1544,2.650,377.358,0,1,0
1545,5.874,170.242,0,1,0
1546,3.304,302.663,0,1,0
1547,4.156,240.616,0,1,0
1548,3.699,270.343,0,1,0
1549,4.025,248.447,0,1,0
1550,3.401,294.031,0,1,0
1551,3.575,279.720,0,1,0
1552,3.392,294.811,0,1,0
1553,3.547,281.928,0,1,0
1554,3.888,257.202,0,1,0
1555,4.269,234.247,0,1,0
1556,1.834,545.256,0,1,0
1557,2.306,433.651,0,1,0
1558,2.525,396.040,0,1,0
1559,3.884,257.467,0,1,0
1560,4.497,222.370,0,1,0
1561,3.385,295.421,0,1,0
1562,4.620,216.450,0,1,0
1563,3.167,315.756,0,1,0
1564,3.455,289.436,0,1,0
1565,4.947,202.143,0,1,0
1566,4.553,219.635,0,1,0
1567,4.508,221.828,0,1,0
1568,4.393,227.635,0,1,0
1569,3.166,315.856,0,1,0
1570,3.450,289.855,0,1,0
1571,3.009,332.336,0,1,0
1572,3.650,273.973,0,1,0
1573,4.106,243.546,0,1,0
1574,3.707,269.760,0,1,0
1575,4.079,245.158,0,1,0
1576,3.213,311.236,0,1,0
1577,3.926,254.712,0,1,0
1578,4.752,210.438,0,1,0
1579,3.549,281.770,0,1,0
1580,3.794,263.574,0,1,0
1581,4.521,221.190,0,1,0
1582,4.907,203.791,0,1,0
1583,3.047,328.192,0,1,0
1584,3.619,276.319,0,1,0
1585,6.232,160.462,0,1,0
1586,3.435,291.121,0,1,0
1587,4.601,217.344,0,1,0
1588,2.805,356.506,0,1,0
1589,5.108,195.771,0,1,0
1590,2.874,347.947,0,1,0
1591,3.977,251.446,0,1,0
1592,5.163,193.686,0,1,0
1593,4.745,210.748,0,1,0
1594,2.791,358.295,0,1,0
1595,2.367,422.476,0,1,0
1596,2.870,348.432,0,1,0
1597,3.471,288.101,0,1,0
1598,2.548,392.465,0,1,0
1599,4.690,213.220,0,1,0
1600,3.237,308.928,0,1,0
1601,3.851,259.673,0,1,0
1602,3.757,266.170,0,1,0
1603,3.302,302.847,0,1,0
1604,3.915,255.428,0,1,0
1605,3.882,257.599,0,1,0
1606,3.151,317.360,0,1,0
1607,4.493,222.568,0,1,0
1608,2.956,338.295,0,1,0
1609,3.611,276.932,0,1,0
1610,2.881,347.102,0,1,0
1611,6.109,163.693,0,1,0
1612,2.964,337.382,0,1,0
1613,5.073,197.122,0,1,0
1614,3.045,328.407,0,1,0
1615,3.983,251.067,0,1,0
1616,2.622,381.388,0,1,0
1617,3.446,290.192,0,1,0
1618,4.756,210.261,0,1,0
1619,3.193,313.185,0,1,0
1620,3.719,268.889,0,1,0
1621,5.260,190.114,0,1,0
1622,2.861,349.528,0,1,0
1623,3.711,269.469,0,1,0
1624,2.277,439.174,0,1,0
1625,3.605,277.393,0,1,0
1626,2.575,388.350,0,1,0
1627,5.204,192.160,0,1,0
1628,3.538,282.646,0,1,0
1629,2.950,338.983,0,1,0
1630,2.118,472.144,0,1,0
1631,1.910,523.560,0,1,0
1632,4.000,250.000,0,1,0
1633,3.134,319.081,0,1,0
1634,3.259,306.843,0,1,0
1635,4.347,230.044,0,1,0
1636,3.202,312.305,0,1,0
1637,4.224,236.742,0,1,0
1638,3.203,312.207,0,1,0
1639,4.989,200.441,0,1,0
1640,3.109,321.647,0,1,0
1641,3.077,324.992,0,1,0
1642,4.302,232.450,0,1,0
1643,2.617,382.117,0,1,0
1644,3.117,320.821,0,1,0
1645,4.032,248.016,0,1,0
1646,2.488,401.929,0,1,0
1647,3.863,258.866,0,1,0
1648,4.438,225.327,0,1,0
1649,3.824,261.506,0,1,0
1650,2.991,334.336,0,1,0
1651,3.080,324.675,0,1,0
1652,3.737,267.594,0,1,0
1653,2.343,426.803,0,1,0
1654,3.390,294.985,0,1,0
1655,2.498,400.320,0,1,0
1656,4.993,200.280,0,1,0
1657,2.609,383.289,0,1,0
1658,2.920,342.466,0,1,0
1659,4.235,236.128,0,1,0
1660,4.934,202.675,0,1,0
1661,5.511,181.455,0,1,0
1662,3.063,326.477,0,1,0
1663,3.895,256.739,0,1,0
1664,3.580,279.330,0,1,0
1665,3.009,332.336,0,1,0
1666,2.907,343.997,0,1,0
1667,5.119,195.351,0,1,0
1668,3.054,327.439,0,1,0
1669,5.659,176.710,0,1,0
1670,3.614,276.702,0,1,0
1671,3.871,258.331,0,1,0
1672,3.007,332.557,0,1,0
1673,3.590,278.552,0,1,0
1674,3.218,310.752,0,1,0
1675,3.989,250.689,0,1,0
1676,2.169,461.042,0,1,0
1677,3.739,267.451,0,1,0
1678,4.356,229.568,0,1,0
1679,3.011,332.116,0,1,0
1680,4.460,224.215,0,1,0
1681,2.610,383.142,0,1,0
1682,3.193,313.185,0,1,0
1683,3.895,256.739,0,1,0
1684,3.522,283.930,0,1,0
1685,3.604,277.469,0,1,0
1686,4.567,218.962,0,1,0
1687,3.808,262.605,0,1,0
1688,3.929,254.518,0,1,0
1689,3.647,274.198,0,1,0
1690,3.479,287.439,0,1,0
1691,2.750,363.636,0,1,0
1692,5.050,198.020,0,1,0
1693,3.313,301.841,0,1,0
1694,3.884,257.467,0,1,0
1695,3.505,285.307,0,1,0
1696,2.899,344.947,0,1,0
1697,3.327,300.571,0,1,0
1698,2.796,357.654,0,1,0
1699,2.885,346.620,0,1,0
1700,4.103,243.724,0,1,0
1701,2.468,405.186,0,1,0
1702,4.356,229.568,0,1,0
1703,2.370,421.941,0,1,0
1704,4.471,223.664,0,1,0
1705,3.020,331.126,0,1,0
1706,4.265,234.467,0,1,0
1707,3.831,261.028,0,1,0
1708,3.143,318.167,0,1,0
1709,3.924,254.842,0,1,0
1710,3.505,285.307,0,1,0
1711,4.337,230.574,0,1,0
1712,2.809,355.999,0,1,0
1713,3.935,254.130,0,1,0
1714,3.420,292.398,0,1,0
1715,4.704,212.585,0,1,0
1716,2.963,337.496,0,1,0
1717,4.163,240.211,0,1,0
1718,3.506,285.225,0,1,0
1719,2.774,360.490,0,1,0
1720,2.999,333.444,0,1,0
1721,3.694,270.709,0,1,0
1722,3.012,332.005,0,1,0
1723,3.114,321.130,0,1,0
1724,3.073,325.415,0,1,0
1725,2.873,348.068,0,1,0
1726,5.736,174.338,0,1,0
1727,3.595,278.164,0,1,0
1728,3.216,310.945,0,1,0
1729,3.210,311.526,0,1,0
1730,3.460,289.017,0,1,0
1731,2.204,453.721,0,1,0
1732,3.148,317.662,0,1,0
1733,2.793,358.038,0,1,0
1734,2.780,359.712,0,1,0
1735,3.544,282.167,0,1,0
1736,3.529,283.366,0,1,0
1737,3.702,270.124,0,1,0
1738,2.580,387.597,0,1,0
1739,4.896,204.248,0,1,0
1740,2.940,340.136,0,1,0
1741,2.837,352.485,0,1,0
1742,2.861,349.528,0,1,0
1743,4.366,229.043,0,1,0
1744,2.815,355.240,0,1,0
1745,3.134,319.081,0,1,0
1746,4.537,220.410,0,1,0
1747,3.097,322.893,0,1,0
1748,3.424,292.056,0,1,0
1749,3.433,291.290,0,1,0
1750,2.762,362.056,0,1,0
1751,4.765,209.864,0,1,0
1752,2.801,357.015,0,1,0
1753,3.635,275.103,0,1,0
1754,3.244,308.261,0,1,0
1755,4.878,205.002,0,1,0
1756,3.009,332.336,0,1,0
1757,3.502,285.551,0,1,0
1758,2.616,382.263,0,1,0
1759,2.703,369.959,0,1,0
1760,3.715,269.179,0,1,0
1761,4.357,229.516,0,1,0
1762,4.004,249.750,0,1,0
1763,3.452,289.687,0,1,0
1764,4.051,246.853,0,1,0
1765,4.276,233.863,0,1,0
1766,2.885,346.620,0,1,0
1767,4.348,229.991,0,1,0
1768,3.748,266.809,0,1,0
1769,3.232,309.406,0,1,0
1770,2.592,385.802,0,1,0
1771,3.771,265.182,0,1,0
1772,5.105,195.886,0,1,0
1773,3.658,273.373,0,1,0
1774,3.021,331.016,0,1,0
1775,4.118,242.836,0,1,0
1776,3.567,280.348,0,1,0
1777,2.821,354.484,0,1,0
1778,3.393,294.724,0,1,0
1779,4.833,206.911,0,1,0
1780,2.720,367.647,0,1,0
1781,3.674,272.183,0,1,0
1782,2.828,353.607,0,1,0
1783,3.186,313.873,0,1,0
1784,1.980,505.051,0,1,0
1785,2.801,357.015,0,1,0
1786,2.683,372.717,0,1,0
1787,2.804,356.633,0,1,0
1788,2.546,392.773,0,1,0
1789,2.979,335.683,0,1,0
1790,3.761,265.887,0,1,0
1791,2.499,400.160,0,1,0
1792,3.045,328.407,0,1,0
1793,1.868,535.332,0,1,0
1794,1.358,736.377,0,1,0
1795,2.416,413.907,0,1,0
1796,2.101,475.964,0,1,0
1797,1.924,519.751,0,1,0
1798,1.918,521.376,0,1,0
1799,2.738,365.230,0,1,0
1800,2.232,448.029,0,1,0
1801,3.263,306.466,0,1,0
1802,2.627,380.662,0,1,0
1803,2.859,349.773,0,1,0
1804,2.576,388.199,0,1,0
1805,2.216,451.264,0,1,0
1806,2.857,350.018,0,1,0
1807,2.950,338.983,0,1,0
1808,2.823,354.233,0,1,0
1809,2.339,427.533,0,1,0
1810,2.806,356.379,0,1,0
1811,2.924,341.997,0,1,0
1812,3.299,303.122,0,1,0
1813,3.211,311.429,0,1,0
1814,3.028,330.251,0,1,0
1815,2.096,477.099,0,1,0
1816,1.864,536.481,0,1,0
1817,2.271,440.335,0,1,0
1818,2.882,346.981,0,1,0
1819,2.935,340.716,0,1,0
1820,2.281,438.404,0,1,0
1821,3.979,251.319,0,1,0
1822,2.450,408.163,0,1,0
1823,2.549,392.311,0,1,0
1824,2.702,370.096,0,1,0
1825,2.430,411.523,0,1,0
1826,2.773,360.620,0,1,0
1827,2.370,421.941,0,1,0
1828,2.342,426.985,0,1,0
1829,2.721,367.512,0,1,0
1830,3.255,307.220,0,1,0
1831,1.945,514.139,0,1,0
1832,3.526,283.607,0,1,0
1833,4.745,210.748,0,1,0
1834,3.103,322.269,0,1,0
1835,2.862,349.406,0,1,0
1836,3.031,329.924,0,1,0
1837,2.910,343.643,0,1,0
1838,3.364,297.265,0,1,0
1839,2.319,431.220,0,1,0
1840,2.830,353.357,0,1,0
1841,3.309,302.206,0,1,0
1842,1.959,510.465,0,1,0
1843,2.099,476.417,0,1,0
1844,3.277,305.157,0,1,0
1845,2.673,374.111,0,1,0
1846,3.062,326.584,0,1,0
1847,2.187,457.247,0,1,0
1848,2.500,400.000,0,1,0
1849,3.213,311.236,0,1,0
1850,3.037,329.272,0,1,0
1851,2.986,334.896,0,1,0
1852,3.107,321.854,0,1,0
1853,3.100,322.581,0,1,0
1854,2.726,366.838,0,1,0
1855,2.588,386.399,0,1,0
1856,3.735,267.738,0,1,0
1857,2.787,358.809,0,1,0
1858,2.311,432.713,0,1,0
1859,8.383,119.289,0,1,0
1860,3.812,262.329,0,1,0
1861,3.087,323.939,0,1,0
1862,2.477,403.714,0,1,0
1863,2.378,420.521,0,1,0
1864,3.313,301.841,0,1,0
1865,2.712,368.732,0,1,0
1866,2.611,382.995,0,1,0
1867,2.452,407.830,0,1,0
1868,3.220,310.559,0,1,0
1869,3.009,332.336,0,1,0
1870,2.746,364.166,0,1,0
1871,3.046,328.299,0,1,0
1872,3.206,311.915,0,1,0
1873,3.756,266.241,0,1,0
1874,2.892,345.781,0,1,0
1875,2.668,374.813,0,1,0
1876,2.055,486.618,0,1,0
1877,1.244,803.859,0,1,0
1878,1.786,559.910,0,1,0
1879,2.260,442.478,0,1,0
1880,2.374,421.230,0,1,0
1881,2.589,386.250,0,1,0
1882,2.163,462.321,0,1,0
1883,1.254,797.448,0,1,0
1884,2.631,380.084,0,1,0
1885,3.367,297.000,0,1,0
1886,3.017,331.455,0,1,0
1887,2.850,350.877,0,1,0
1888,3.029,330.142,0,1,0
1889,2.898,345.066,0,1,0
1890,3.775,264.901,0,1,0
1891,2.915,343.053,0,1,0
1892,2.682,372.856,0,1,0
1893,2.171,460.617,0,1,0
1894,2.921,342.349,0,1,0
1895,2.370,421.941,0,1,0
1896,2.989,334.560,0,1,0
1897,3.091,323.520,0,1,0
1898,2.843,351.741,0,1,0
1899,3.128,319.693,0,1,0
1900,2.844,351.617,0,1,0
1901,2.979,335.683,0,1,0
1902,2.416,413.907,0,1,0
1903,3.374,296.384,0,1,0
1904,1.964,509.165,0,1,0
1905,1.878,532.481,0,1,0
1906,3.000,333.333,0,1,0
1907,2.784,359.195,0,1,0
1908,2.020,495.050,0,1,0
1909,1.698,588.928,0,1,0
1910,3.207,311.818,0,1,0
1911,3.537,282.725,0,1,0
1912,3.029,330.142,0,1,0
1913,3.068,325.945,0,1,0
1914,2.711,368.868,0,1,0
1915,3.923,254.907,0,1,0
1916,2.924,341.997,0,1,0
1917,2.963,337.496,0,1,0
1918,3.598,277.932,0,1,0
1919,2.949,339.098,0,1,0
1920,3.113,321.234,0,1,0
1921,2.735,365.631,0,1,0
1922,3.424,292.056,0,1,0
1923,1.793,557.724,0,1,0
1924,2.321,430.849,0,1,0
1925,3.150,317.460,0,1,0
1926,2.866,348.918,0,1,0
1927,2.701,370.233,0,1,0
1928,3.287,304.229,0,1,0
1929,2.512,398.089,0,1,0
1930,4.582,218.245,0,1,0
1931,2.618,381.971,0,1,0
1932,3.183,314.169,0,1,0
1933,3.262,306.560,0,1,0
1934,3.043,328.623,0,1,0
1935,4.213,237.361,0,1,0
1936,2.795,357.782,0,1,0
1937,3.870,258.398,0,1,0
1938,2.598,384.911,0,1,0
1939,3.273,305.530,0,1,0
1940,3.643,274.499,0,1,0
1941,3.084,324.254,0,1,0
1942,2.763,361.925,0,1,0
1943,3.043,328.623,0,1,0
1944,4.875,205.128,0,1,0
1945,2.882,346.981,0,1,0
1946,2.817,354.988,0,1,0
1947,4.177,239.406,0,1,0
1948,2.718,367.918,0,1,0
1949,3.739,267.451,0,1,0
1950,2.658,376.223,0,1,0
1951,3.176,314.861,0,1,0
1952,2.628,380.518,0,1,0
1953,3.672,272.331,0,1,0
1954,3.425,291.971,0,1,0
1955,3.039,329.056,0,1,0
1956,3.351,298.418,0,1,0
1957,3.240,308.642,0,1,0
1958,4.767,209.776,0,1,0
1959,4.248,235.405,0,1,0
1960,3.037,329.272,0,1,0
1961,2.867,348.797,0,1,0
1962,4.424,226.040,0,1,0
1963,3.496,286.041,0,1,0
1964,5.049,198.059,0,1,0
1965,3.355,298.063,0,1,0
1966,3.679,271.813,0,1,0
1967,3.846,260.010,0,1,0
1968,3.306,302.480,0,1,0
1969,3.311,302.024,0,1,0
1970,4.906,203.832,0,1,0
1971,3.152,317.259,0,1,0
1972,4.655,214.823,0,1,0
1973,3.666,272.777,0,1,0
1974,4.236,236.072,0,1,0
1975,2.183,458.085,0,1,0
1976,3.491,286.451,0,1,0
1977,3.424,292.056,0,1,0
1978,4.082,244.978,0,1,0
1979,3.908,255.885,0,1,0
1980,3.733,267.881,0,1,0
1981,3.293,303.674,0,1,0
1982,2.789,358.551,0,1,0
1983,3.059,326.904,0,1,0
1984,2.707,369.413,0,1,0
1985,3.080,324.675,0,1,0
1986,2.703,369.959,0,1,0
1987,3.127,319.795,0,1,0
1988,3.140,318.471,0,1,0
1989,3.207,311.818,0,1,0
1990,3.506,285.225,0,1,0
1991,2.967,337.041,0,1,0
1992,4.455,224.467,0,1,0
1993,3.534,282.965,0,1,0
1994,3.716,269.107,0,1,0
1995,3.664,272.926,0,1,0
1996,4.045,247.219,0,1,0
1997,2.747,364.033,0,1,0
1998,4.233,236.239,0,1,0
1999,3.342,299.222,0,1,0
2000,4.087,244.678,0,1,0
2001,4.152,240.848,0,1,0
2002,4.240,235.849,0,1,0
2003,3.522,283.930,0,1,0
2004,3.909,255.820,0,1,0
2005,3.570,280.112,0,1,0
2006,2.972,336.474,0,1,0
2007,3.808,262.605,0,1,0
2008,4.539,220.313,0,1,0
2009,4.191,238.607,0,1,0
2010,3.077,324.992,0,1,0
2011,2.971,336.587,0,1,0
2012,4.256,234.962,0,1,0
2013,4.284,233.427,0,1,0
2014,4.440,225.225,0,1,0
2015,3.683,271.518,0,1,0
2016,2.752,363.372,0,1,0
2017,3.241,308.547,0,1,0
2018,3.918,255.232,0,1,0
2019,2.731,366.166,0,1,0
2020,4.251,235.239,0,1,0
2021,3.424,292.056,0,1,0
2022,4.213,237.361,0,1,0
2023,3.668,272.628,0,1,0
2024,4.255,235.018,0,1,0
2025,3.994,250.376,0,1,0
2026,3.609,277.085,0,1,0
2027,4.922,203.169,0,1,0
2028,4.334,230.734,0,1,0
2029,3.454,289.519,0,1,0
2030,3.212,311.333,0,1,0
2031,3.353,298.240,0,1,0
2032,4.111,243.250,0,1,0
2033,4.421,226.193,0,1,0
2034,5.966,167.616,0,1,0
2035,3.589,278.629,0,1,0
2036,4.649,215.100,0,1,0
2037,3.554,281.373,0,1,0
2038,5.605,178.412,0,1,0
2039,5.463,183.050,0,1,0
2040,3.419,292.483,0,1,0
2041,4.679,213.721,0,1,0
2042,3.854,259.471,0,1,0
2043,4.389,227.842,0,1,0
2044,4.259,234.797,0,1,0
2045,4.560,219.298,0,1,0
2046,4.168,239.923,0,1,0
2047,4.472,223.614,0,1,0
2048,3.852,259.605,0,1,0
2049,3.244,308.261,0,1,0
2050,3.509,284.981,0,1,0
2051,4.559,219.346,0,1,0
2052,3.885,257.400,0,1,0
2053,4.868,205.423,0,1,0
2054,3.649,274.048,0,1,0
2055,4.414,226.552,0,1,0
2056,3.260,306.748,0,1,0
2057,3.917,255.297,0,1,0
2058,3.699,270.343,0,1,0
2059,3.668,272.628,0,1,0
2060,3.235,309.119,0,1,0
2061,3.285,304.414,0,1,0
2062,2.715,368.324,0,1,0
2063,2.502,399.680,0,1,0
2064,2.905,344.234,0,1,0
2065,4.030,248.139,0,1,0
2066,3.498,285.878,0,1,0
2067,2.651,377.216,0,1,0
2068,4.984,200.642,0,1,0
2069,2.951,338.868,0,1,0
2070,5.078,196.928,0,1,0
2071,3.650,273.973,0,1,0
2072,3.946,253.421,0,1,0
2073,3.429,291.630,0,1,0
2074,3.208,311.721,0,1,0
2075,3.369,296.824,0,1,0
2076,3.039,329.056,0,1,0
2077,4.612,216.826,0,1,0
2078,2.779,359.842,0,1,0
2079,2.184,457.875,0,1,0
2080,2.887,346.380,0,1,0
2081,3.150,317.460,0,1,0
2082,3.439,290.782,0,1,0
2083,3.501,285.633,0,1,0
2084,4.062,246.184,0,1,0
2085,2.796,357.654,0,1,0
2086,3.735,267.738,0,1,0
2087,2.496,400.641,0,1,0
2088,5.592,178.827,0,1,0
2089,4.283,233.481,0,1,0
2090,3.900,256.410,0,1,0
2091,3.273,305.530,0,1,0
2092,4.543,220.119,0,1,0
2093,3.379,295.946,0,1,0
2094,4.357,229.516,0,1,0
2095,4.353,229.727,0,1,0
2096,3.994,250.376,0,1,0
2097,2.562,390.320,0,1,0
2098,4.291,233.046,0,1,0
2099,2.910,343.643,0,1,0
2100,4.363,229.200,0,1,0
2101,2.958,338.066,0,1,0
2102,3.935,254.130,0,1,0
2103,3.833,260.892,0,1,0
2104,4.054,246.670,0,1,0
2105,6.634,150.739,0,1,0
2106,2.946,339.443,0,1,0
2107,3.784,264.271,0,1,0
2108,2.308,433.276,0,1,0
2109,2.813,355.492,0,1,0
2110,4.032,248.016,0,1,0
2111,2.254,443.656,0,1,0
2112,2.867,348.797,0,1,0
2113,2.366,422.654,0,1,0
2114,2.657,376.364,0,1,0
2115,2.575,388.350,0,1,0
2116,3.495,286.123,0,1,0
2117,2.180,458.716,0,1,0
2118,2.598,384.911,0,1,0
2119,4.163,240.211,0,1,0
2120,3.209,311.624,0,1,0
2121,2.838,352.361,0,1,0
2122,3.069,325.839,0,1,0
2123,2.807,356.252,0,1,0
2124,4.863,205.634,0,1,0
2125,2.666,375.094,0,1,0
2126,4.004,249.750,0,1,0
2127,2.658,376.223,0,1,0
2128,3.570,280.112,0,1,0
2129,2.986,334.896,0,1,0
2130,3.943,253.614,0,1,0
2131,4.407,226.912,0,1,0
2132,2.926,341.763,0,1,0
2133,3.636,275.028,0,1,0
2134,3.356,297.974,0,1,0
2135,2.269,440.723,0,1,0
2136,3.574,279.799,0,1,0
2137,3.219,310.655,0,1,0
2138,2.694,371.195,0,1,0
2139,3.702,270.124,0,1,0
2140,2.092,478.011,0,1,0
2141,2.790,358.423,0,1,0
2142,4.290,233.100,0,1,0
2143,3.641,274.650,0,1,0
2144,3.605,277.393,0,1,0
2145,3.102,322.373,0,1,0
2146,2.783,359.324,0,1,0
2147,3.240,308.642,0,1,0
2148,3.283,304.599,0,1,0
2149,3.566,280.426,0,1,0
2150,3.155,316.957,0,1,0
2151,3.863,258.866,0,1,0
2152,2.982,335.345,0,1,0
2153,2.435,410.678,0,1,0
2154,2.746,364.166,0,1,0
2155,3.086,324.044,0,1,0
2156,3.259,306.843,0,1,0
2157,3.217,310.849,0,1,0
2158,2.686,372.301,0,1,0
2159,2.899,344.947,0,1,0
2160,2.619,381.825,0,1,0
2161,3.490,286.533,0,1,0
2162,2.522,396.511,0,1,0
2163,4.327,231.107,0,1,0
2164,3.880,257.732,0,1,0
2165,3.716,269.107,0,1,0
2166,2.544,393.082,0,1,0
2167,4.895,204.290,0,1,0
2168,2.903,344.471,0,1,0
2169,4.446,224.921,0,1,0
2170,3.288,304.136,0,1,0
2171,3.944,253.550,0,1,0
2172,2.215,451.467,0,1,0
2173,4.130,242.131,0,1,0
2174,4.342,230.309,0,1,0
2175,3.895,256.739,0,1,0
2176,4.808,207.987,0,1,0
2177,4.101,243.843,0,1,0
2178,4.232,236.295,0,1,0
2179,5.604,178.444,0,1,0
2180,3.078,324.886,0,1,0
2181,4.613,216.779,0,1,0
2182,4.167,239.981,0,1,0
2183,5.332,187.547,0,1,0
2184,3.980,251.256,0,1,0
2185,5.136,194.704,0,1,0
2186,5.032,198.728,0,1,0
2187,3.224,310.174,0,1,0
2188,4.626,216.169,0,1,0
2189,3.824,261.506,0,1,0
2190,5.093,196.348,0,1,0
2191,2.948,339.213,0,1,0
2192,5.936,168.464,0,1,0
2193,3.463,288.767,0,1,0
2194,3.986,250.878,0,1,0
2195,2.754,363.108,0,1,0
2196,3.489,286.615,0,1,0
2197,3.363,297.354,0,1,0
2198,3.357,297.885,0,1,0
2199,4.513,221.582,0,1,0
2200,2.867,348.797,0,1,0
2201,3.644,274.424,0,1,0
2202,2.953,338.639,0,1,0
2203,5.142,194.477,0,1,0
2204,2.978,335.796,0,1,0
2205,4.701,212.721,0,1,0
2206,4.444,225.023,0,1,0
2207,5.332,187.547,0,1,0
2208,3.092,323.415,0,1,0
2209,5.566,179.662,0,1,0
2210,4.008,249.501,0,1,0
2211,4.239,235.905,0,1,0
2212,3.449,289.939,0,1,0
2213,4.195,238.379,0,1,0
2214,3.473,287.936,0,1,0
2215,5.576,179.340,0,1,0
2216,3.620,276.243,0,1,0
2217,5.261,190.078,0,1,0
2218,3.673,272.257,0,1,0
2219,4.082,244.978,0,1,0
2220,3.574,279.799,0,1,0
2221,4.737,211.104,0,1,0
2222,3.006,332.668,0,1,0
2223,5.097,196.194,0,1,0
2224,4.862,205.677,0,1,0
2225,2.576,388.199,0,1,0
2226,5.078,196.928,0,1,0
2227,3.143,318.167,0,1,0
2228,4.772,209.556,0,1,0
2229,3.997,250.188,0,1,0
2230,2.558,390.930,0,1,0
2231,4.142,241.429,0,1,0
2232,3.792,263.713,0,1,0
2233,3.458,289.184,0,1,0
2234,4.864,205.592,0,1,0
2235,3.625,275.862,0,1,0
2236,3.870,258.398,0,1,0
2237,3.558,281.057,0,1,0
2238,3.833,260.892,0,1,0
2239,3.098,322.789,0,1,0
2240,3.689,271.076,0,1,0
2241,3.285,304.414,0,1,0
2242,3.854,259.471,0,1,0
2243,3.696,270.563,0,1,0
2244,4.167,239.981,0,1,0
2245,3.694,270.709,0,1,0
2246,3.724,268.528,0,1,0
2247,3.743,267.165,0,1,0
2248,2.324,430.293,0,1,0
2249,4.800,208.333,0,1,0
2250,2.308,433.276,0,1,0
2251,3.147,317.763,0,1,0
2252,2.337,427.899,0,1,0
2253,2.922,342.231,0,1,0
2254,3.236,309.023,0,1,0
2255,3.052,327.654,0,1,0
2256,3.842,260.281,0,1,0
2257,3.707,269.760,0,1,0
2258,3.081,324.570,0,1,0
2259,3.402,293.945,0,1,0
2260,3.162,316.256,0,1,0
2261,2.005,498.753,0,1,0
2262,4.291,233.046,0,1,0
2263,2.513,397.931,0,1,0
2264,2.514,397.772,0,1,0
2265,2.132,469.043,0,1,0
2266,3.507,285.144,0,1,0
2267,3.408,293.427,0,1,0
2268,3.657,273.448,0,1,0
2269,3.640,274.725,0,1,0
2270,4.231,236.351,0,1,0
2271,3.098,322.789,0,1,0
2272,3.128,319.693,0,1,0
2273,4.763,209.952,0,1,0
2274,2.208,452.899,0,1,0
2275,3.054,327.439,0,1,0
2276,3.417,292.654,0,1,0
2277,3.369,296.824,0,1,0
2278,5.921,168.890,0,1,0
2279,3.375,296.296,0,1,0
2280,5.347,187.021,0,1,0
2281,2.527,395.726,0,1,0
2282,4.421,226.193,0,1,0
2283,2.514,397.772,0,1,0
2284,4.273,234.028,0,1,0
2285,3.595,278.164,0,1,0
2286,3.586,278.862,0,1,0
2287,4.540,220.264,0,1,0
2288,3.513,284.657,0,1,0
2289,2.420,413.223,0,1,0
2290,3.957,252.717,0,1,0
2291,4.668,214.225,0,1,0
2292,3.997,250.188,0,1,0
2293,3.872,258.264,0,1,0
2294,3.387,295.247,0,1,0
2295,4.285,233.372,0,1,0
2296,3.762,265.816,0,1,0
2297,3.326,300.661,0,1,0
2298,3.730,268.097,0,1,0
2299,3.795,263.505,0,1,0
2300,4.919,203.293,0,1,0
2301,3.308,302.297,0,1,0
2302,3.990,250.627,0,1,0
2303,2.884,346.741,0,1,0
2304,4.439,225.276,0,1,0
2305,4.693,213.083,0,1,0
2306,5.420,184.502,0,1,0
2307,7.525,132.890,0,1,0
2308,4.111,243.250,0,1,0
2309,5.032,198.728,0,1,0
2310,4.376,228.519,0,1,0
2311,6.112,163.613,0,1,0
2312,5.437,183.925,0,1,0
2313,3.219,310.655,0,1,0
2314,6.209,161.057,0,1,0
2315,4.139,241.604,0,1,0
2316,5.006,199.760,0,1,0
2317,4.016,249.004,0,1,0
2318,5.614,178.126,0,1,0
2319,7.219,138.523,0,1,0
2320,2.687,372.162,0,1,0
2321,3.980,251.256,0,1,0
2322,3.863,258.866,0,1,0
2323,4.921,203.211,0,1,0
2324,5.594,178.763,0,1,0
2325,5.199,192.345,0,1,0
2326,4.051,246.853,0,1,0
2327,4.453,224.568,0,1,0
2328,3.160,316.456,0,1,0
2329,5.066,197.394,0,1,0
2330,3.633,275.255,0,1,0
2331,4.308,232.126,0,1,0
2332,4.068,245.821,0,1,0
2333,5.903,169.405,0,1,0
2334,3.444,290.360,0,1,0
2335,4.850,206.186,0,1,0
2336,4.938,202.511,0,1,0
2337,2.295,435.730,0,1,0
2338,3.419,292.483,0,1,0
2339,3.682,271.592,0,1,0
2340,5.490,182.149,0,1,0
2341,3.516,284.414,0,1,0
2342,5.063,197.511,0,1,0
2343,4.342,230.309,0,1,0
2344,4.914,203.500,0,1,0
2345,3.342,299.222,0,1,0
2346,4.836,206.782,0,1,0
2347,4.328,231.054,0,1,0
2348,5.237,190.949,0,1,0
2349,5.092,196.386,0,1,0
2350,3.801,263.089,0,1,0
2351,5.103,195.963,0,1,0
2352,3.617,276.472,0,1,0
2353,6.238,160.308,0,1,0
2354,3.919,255.167,0,1,0
2355,4.777,209.336,0,1,0
2356,3.002,333.111,0,1,0
2357,4.810,207.900,0,1,0
2358,5.732,174.459,0,1,0
2359,4.391,227.739,0,1,0
2360,4.807,208.030,0,1,0
2361,4.625,216.216,0,1,0
2362,4.613,216.779,0,1,0
2363,4.264,234.522,0,1,0
2364,5.077,196.967,0,1,0
2365,4.691,213.174,0,1,0
2366,5.727,174.611,0,1,0
2367,6.150,162.602,0,1,0
2368,3.075,325.203,0,1,0
2369,5.726,174.642,0,1,0
2370,4.272,234.082,0,1,0
2371,3.316,301.568,0,1,0
2372,3.885,257.400,0,1,0
2373,3.851,259.673,0,1,0
2374,5.887,169.866,0,1,0
2375,3.308,302.297,0,1,0
2376,3.978,251.383,0,1,0
2377,3.160,316.456,0,1,0
2378,4.344,230.203,0,1,0
2379,3.929,254.518,0,1,0
2380,4.528,220.848,0,1,0
2381,3.003,333.000,0,1,0
2382,3.409,293.341,0,1,0
2383,4.705,212.540,0,1,0
2384,3.490,286.533,0,1,0
2385,3.598,277.932,0,1,0
2386,3.369,296.824,0,1,0
2387,3.864,258.799,0,1,0
2388,3.713,269.324,0,1,0
2389,4.744,210.793,0,1,0
2390,3.757,266.170,0,1,0
2391,3.628,275.634,0,1,0
2392,3.621,276.167,0,1,0
2393,3.652,273.823,0,1,0
2394,3.821,261.712,0,1,0
2395,3.439,290.782,0,1,0
2396,4.776,209.380,0,1,0
2397,2.951,338.868,0,1,0
2398,3.689,271.076,0,1,0
2399,2.946,339.443,0,1,0
2400,2.729,366.435,0,1,0
2401,2.962,337.610,0,1,0
2402,4.073,245.519,0,1,0
2403,3.888,257.202,0,1,0
2404,3.929,254.518,0,1,0
2405,2.599,384.763,0,1,0
2406,2.726,366.838,0,1,0
2407,3.734,267.809,0,1,0
2408,4.295,232.829,0,1,0
2409,3.810,262.467,0,1,0
2410,2.908,343.879,0,1,0
2411,2.505,399.202,0,1,0
2412,4.303,232.396,0,1,0
2413,4.585,218.103,0,1,0
2414,3.650,273.973,0,1,0
2415,3.443,290.444,0,1,0
2416,2.896,345.304,0,1,0
2417,3.965,252.207,0,1,0
2418,3.349,298.597,0,1,0
2419,3.855,259.403,0,1,0
2420,3.442,290.529,0,1,0
2421,3.076,325.098,0,1,0
2422,3.572,279.955,0,1,0
2423,2.911,343.525,0,1,0
2424,4.371,228.781,0,1,0
2425,3.251,307.598,0,1,0
2426,2.989,334.560,0,1,0
2427,3.736,267.666,0,1,0
2428,2.534,394.633,0,1,0
2429,4.070,245.700,0,1,0
2430,2.870,348.432,0,1,0
2431,4.238,235.960,0,1,0
2432,3.699,270.343,0,1,0
2433,4.281,233.590,0,1,0
2434,2.721,367.512,0,1,0
2435,2.808,356.125,0,1,0
2436,3.172,315.259,0,1,0
2437,4.094,244.260,0,1,0
2438,3.549,281.770,0,1,0
2439,3.675,272.109,0,1,0
2440,3.759,266.028,0,1,0
2441,4.353,229.727,0,1,0
2442,2.787,358.809,0,1,0
2443,3.258,306.937,0,1,0
2444,2.922,342.231,0,1,0
2445,4.027,248.324,0,1,0
2446,3.434,291.206,0,1,0
2447,3.894,256.805,0,1,0
2448,2.999,333.444,0,1,0
2449,3.223,310.270,0,1,0
2450,2.157,463.607,0,1,0
2451,3.406,293.600,0,1,0
2452,2.881,347.102,0,1,0
2453,2.874,347.947,0,1,0
2454,4.564,219.106,0,1,0
2455,3.414,292.912,0,1,0
2456,3.494,286.205,0,1,0
2457,3.069,325.839,0,1,0
2458,2.951,338.868,0,1,0
2459,4.020,248.756,0,1,0
2460,2.964,337.382,0,1,0
2461,3.145,317.965,0,1,0
2462,2.670,374.532,0,1,0
2463,2.771,360.881,0,1,0
2464,3.163,316.156,0,1,0
2465,2.216,451.264,0,1,0
2466,2.766,361.533,0,1,0
2467,3.470,288.184,0,1,0
2468,3.077,324.992,0,1,0
2469,1.834,545.256,0,1,0
2470,2.531,395.101,0,1,0
2471,3.041,328.839,0,1,0
2472,3.674,272.183,0,1,0
2473,3.645,274.348,0,1,0
2474,3.673,272.257,0,1,0
2475,4.022,248.633,0,1,0
2476,2.722,367.377,0,1,0
2477,3.621,276.167,0,1,0
2478,2.498,400.320,0,1,0
2479,2.736,365.497,0,1,0
2480,4.021,248.694,0,1,0
2481,3.162,316.256,0,1,0
2482,4.228,236.518,0,1,0
2483,3.013,331.895,0,1,0
2484,4.919,203.293,0,1,0
2485,3.184,314.070,0,1,0
2486,3.613,276.778,0,1,0
2487,3.023,330.797,0,1,0
2488,3.472,288.018,0,1,0
2489,2.845,351.494,0,1,0
2490,3.006,332.668,0,1,0
2491,3.589,278.629,0,1,0
2492,3.523,283.849,0,1,0
2493,3.941,253.743,0,1,0
2494,3.859,259.134,0,1,0
2495,3.745,267.023,0,1,0
2496,2.627,380.662,0,1,0
2497,3.947,253.357,0,1,0
2498,3.337,299.670,0,1,0
2499,3.547,281.928,0,1,0
2500,5.277,189.502,0,1,0
2501,3.933,254.259,0,1,0
2502,3.541,282.406,0,1,0
2503,2.603,384.172,0,1,0
2504,2.907,343.997,0,1,0
2505,3.904,256.148,0,1,0
2506,3.024,330.688,0,1,0
2507,3.876,257.998,0,1,0
2508,3.012,332.005,0,1,0
2509,3.260,306.748,0,1,0
2510,4.562,219.202,0,1,0
2511,3.319,301.296,0,1,0
2512,2.690,371.747,0,1,0
2513,2.804,356.633,0,1,0
2514,3.951,253.100,0,1,0
2515,2.798,357.398,0,1,0
2516,2.629,380.373,0,1,0
2517,3.883,257.533,0,1,0
2518,3.747,266.880,0,1,0
2519,3.959,252.589,0,1,0
2520,2.678,373.413,0,1,0
2521,4.634,215.796,0,1,0
2522,2.662,375.657,0,1,0
2523,2.908,343.879,0,1,0
2524,4.048,247.036,0,1,0
2525,3.281,304.785,0,1,0
2526,5.348,186.986,0,1,0
2527,2.478,403.551,0,1,0
2528,4.426,225.938,0,1,0
2529,2.757,362.713,0,1,0
2530,4.457,224.366,0,1,0
2531,3.339,299.491,0,1,0
2532,2.910,343.643,0,1,0
2533,3.771,265.182,0,1,0
2534,3.232,309.406,0,1,0
2535,3.587,278.784,0,1,0
2536,3.542,282.326,0,1,0
2537,3.273,305.530,0,1,0
2538,4.566,219.010,0,1,0
2539,4.030,248.139,0,1,0
2540,2.969,336.814,0,1,0
2541,3.814,262.192,0,1,0
2542,3.017,331.455,0,1,0
2543,4.741,210.926,0,1,0
2544,4.914,203.500,0,1,0
2545,3.393,294.724,0,1,0
2546,3.575,279.720,0,1,0
2547,3.939,253.872,0,1,0
2548,3.466,288.517,0,1,0
2549,3.639,274.801,0,1,0
2550,2.592,385.802,0,1,0
2551,4.582,218.245,0,1,0
2552,2.496,400.641,0,1,0
2553,4.317,231.642,0,1,0
2554,3.152,317.259,0,1,0
2555,2.895,345.423,0,1,0
2556,3.865,258.732,0,1,0
2557,3.788,263.992,0,1,0
2558,5.004,199.840,0,1,0
2559,3.630,275.482,0,1,0
2560,4.830,207.039,0,1,0
2561,3.318,301.386,0,1,0
2562,4.158,240.500,0,1,0
2563,3.852,259.605,0,1,0
2564,3.543,282.247,0,1,0
2565,3.730,268.097,0,1,0
2566,5.901,169.463,0,1,0
2567,4.289,233.155,0,1,0
2568,3.196,312.891,0,1,0
2569,3.311,302.024,0,1,0
2570,2.608,383.436,0,1,0
2571,4.561,219.250,0,1,0
2572,3.480,287.356,0,1,0
2573,3.792,263.713,0,1,0
2574,3.199,312.598,0,1,0
2575,3.690,271.003,0,1,0
2576,2.572,388.802,0,1,0
2577,3.532,283.126,0,1,0
2578,2.656,376.506,0,1,0
2579,3.662,273.075,0,1,0
2580,2.817,354.988,0,1,0
2581,4.487,222.866,0,1,0
2582,2.981,335.458,0,1,0
2583,4.092,244.379,0,1,0
2584,2.879,347.343,0,1,0
2585,2.549,392.311,0,1,0
2586,2.339,427.533,0,1,0
2587,2.180,458.716,0,1,0
2588,2.428,411.862,0,1,0
2589,3.363,297.354,0,1,0
2590,2.228,448.833,0,1,0
2591,3.054,327.439,0,1,0
2592,3.738,267.523,0,1,0
2593,2.918,342.700,0,1,0
2594,2.903,344.471,0,1,0
2595,3.644,274.424,0,1,0
2596,2.651,377.216,0,1,0
2597,4.137,241.721,0,1,0
2598,2.846,351.370,0,1,0
2599,3.322,301.023,0,1,0
2600,3.439,290.782,0,1,0
2601,2.721,367.512,0,1,0
2602,4.097,244.081,0,1,0
2603,2.675,373.832,0,1,0
2604,3.482,287.191,0,1,0
2605,3.484,287.026,0,1,0
2606,3.628,275.634,0,1,0
2607,3.634,275.179,0,1,0
2608,3.230,309.598,0,1,0
2609,3.541,282.406,0,1,0
2610,3.077,324.992,0,1,0
2611,3.575,279.720,0,1,0
2612,3.891,257.003,0,1,0
2613,3.734,267.809,0,1,0
2614,3.708,269.687,0,1,0
2615,5.418,184.570,0,1,0
2616,2.670,374.532,0,1,0
2617,4.729,211.461,0,1,0
2618,3.951,253.100,0,1,0
2619,4.031,248.077,0,1,0
2620,3.077,324.992,0,1,0
2621,3.918,255.232,0,1,0
2622,3.271,305.717,0,1,0
2623,4.143,241.371,0,1,0
2624,3.350,298.507,0,1,0
2625,5.650,176.991,0,1,0
2626,2.522,396.511,0,1,0
2627,2.776,360.231,0,1,0
2628,3.974,251.636,0,1,0
2629,3.889,257.136,0,1,0
2630,4.118,242.836,0,1,0
2631,2.920,342.466,0,1,0
2632,3.603,277.546,0,1,0
2633,4.074,245.459,0,1,0
2634,3.189,313.578,0,1,0
2635,3.428,291.715,0,1,0
2636,3.690,271.003,0,1,0
2637,3.420,292.398,0,1,0
2638,4.181,239.177,0,1,0
2639,3.904,256.148,0,1,0
2640,3.296,303.398,0,1,0
2641,3.581,279.252,0,1,0
2642,4.308,232.126,0,1,0
2643,4.724,211.685,0,1,0
2644,3.488,286.697,0,1,0
2645,4.646,215.239,0,1,0
2646,3.726,268.384,0,1,0
2647,4.057,246.488,0,1,0
2648,2.909,343.761,0,1,0
2649,4.008,249.501,0,1,0
2650,4.030,248.139,0,1,0
2651,4.363,229.200,0,1,0
2652,4.039,247.586,0,1,0
2653,3.238,308.833,0,1,0
2654,5.714,175.009,0,1,0
2655,3.762,265.816,0,1,0
2656,3.739,267.451,0,1,0
2657,4.331,230.894,0,1,0
2658,3.778,264.690,0,1,0
2659,4.080,245.098,0,1,0
2660,3.298,303.214,0,1,0
2661,3.537,282.725,0,1,0
2662,3.489,286.615,0,1,0
2663,3.487,286.779,0,1,0
2664,3.314,301.750,0,1,0
2665,2.875,347.826,0,1,0
2666,3.013,331.895,0,1,0
2667,3.572,279.955,0,1,0
2668,3.178,314.663,0,1,0
2669,3.049,327.976,0,1,0
2670,2.875,347.826,0,1,0
2671,3.554,281.373,0,1,0
2672,3.010,332.226,0,1,0
2673,4.009,249.439,0,1,0
2674,2.730,366.300,0,1,0
2675,3.269,305.904,0,1,0
2676,2.799,357.270,0,1,0
2677,2.858,349.895,0,1,0
2678,3.095,323.102,0,1,0
2679,3.829,261.165,0,1,0
2680,3.204,312.110,0,1,0
2681,2.928,341.530,0,1,0
2682,4.744,210.793,0,1,0
2683,3.558,281.057,0,1,0
2684,3.041,328.839,0,1,0
2685,4.339,230.468,0,1,0
2686,3.450,289.855,0,1,0
2687,3.144,318.066,0,1,0
2688,4.148,241.080,0,1,0
2689,2.781,359.583,0,1,0
2690,3.204,312.110,0,1,0
2691,3.151,317.360,0,1,0
2692,3.321,301.114,0,1,0
2693,3.516,284.414,0,1,0
2694,2.567,389.560,0,1,0
2695,3.211,311.429,0,1,0
2696,3.152,317.259,0,1,0
2697,4.155,240.674,0,1,0
2698,3.023,330.797,0,1,0
2699,3.156,316.857,0,1,0
2700,3.128,319.693,0,1,0
2701,4.172,239.693,0,1,0
2702,2.957,338.181,0,1,0
2703,3.932,254.323,0,1,0
2704,3.166,315.856,0,1,0
2705,2.223,449.843,0,1,0
2706,2.633,379.795,0,1,0
2707,2.539,393.856,0,1,0
2708,3.651,273.898,0,1,0
2709,2.873,348.068,0,1,0
2710,3.815,262.123,0,1,0
2711,2.314,432.152,0,1,0
2712,3.867,258.598,0,1,0
2713,3.518,284.252,0,1,0
2714,3.427,291.800,0,1,0
2715,2.660,375.940,0,1,0
2716,2.587,386.548,0,1,0
2717,2.774,360.490,0,1,0
2718,2.428,411.862,0,1,0
2719,2.595,385.356,0,1,0
2720,2.340,427.350,0,1,0
2721,2.731,366.166,0,1,0
2722,3.375,296.296,0,1,0
2723,2.793,358.038,0,1,0
2724,4.024,248.509,0,1,0
2725,2.859,349.773,0,1,0
2726,3.502,285.551,0,1,0
2727,2.636,379.363,0,1,0
2728,3.080,324.675,0,1,0
2729,3.042,328.731,0,1,0
2730,3.192,313.283,0,1,0
2731,3.311,302.024,0,1,0
2732,2.537,394.166,0,1,0
2733,3.658,273.373,0,1,0
2734,3.083,324.359,0,1,0
2735,3.954,252.908,0,1,0
2736,4.257,234.907,0,1,0
2737,2.919,342.583,0,1,0
2738,2.981,335.458,0,1,0
2739,3.836,260.688,0,1,0
2740,2.210,452.489,0,1,0
2741,3.682,271.592,0,1,0
2742,2.701,370.233,0,1,0
2743,2.063,484.731,0,1,0
2744,3.332,300.120,0,1,0
2745,3.833,260.892,0,1,0
2746,2.504,399.361,0,1,0
2747,2.384,419.463,0,1,0
2748,1.974,506.586,0,1,0
2749,2.120,471.698,0,1,0
2750,2.170,460.829,0,1,0
2751,3.670,272.480,0,1,0
2752,3.817,261.986,0,1,0
2753,2.675,373.832,0,1,0
2754,3.008,332.447,0,1,0
2755,4.030,248.139,0,1,0
2756,2.664,375.375,0,1,0
2757,2.905,344.234,0,1,0
2758,3.896,256.674,0,1,0
2759,3.412,293.083,0,1,0
2760,2.101,475.964,0,1,0
2761,2.187,457.247,0,1,0
2762,4.565,219.058,0,1,0
2763,3.008,332.447,0,1,0
2764,2.974,336.247,0,1,0
2765,1.777,562.746,0,1,0
2766,2.093,477.783,0,1,0
2767,1.938,515.996,0,1,0
2768,3.142,318.269,0,1,0
2769,3.084,324.254,0,1,0
2770,3.592,278.396,0,1,0
2771,3.112,321.337,0,1,0
2772,4.148,241.080,0,1,0
2773,3.419,292.483,0,1,0
2774,3.466,288.517,0,1,0
2775,2.146,465.983,0,1,0
2776,2.261,442.282,0,1,0
2777,2.360,423.729,0,1,0
2778,4.180,239.234,0,1,0
2779,2.921,342.349,0,1,0
2780,2.435,410.678,0,1,0
2781,2.889,346.141,0,1,0
2782,1.882,531.350,0,1,0
2783,2.431,411.353,0,1,0
2784,2.757,362.713,0,1,0
2785,1.967,508.388,0,1,0
2786,3.150,317.460,0,1,0
2787,3.592,278.396,0,1,0
2788,3.099,322.685,0,1,0
2789,4.438,225.327,0,1,0
2790,3.654,273.673,0,1,0
2791,3.506,285.225,0,1,0
2792,2.817,354.988,0,1,0
2793,3.058,327.011,0,1,0
2794,2.657,376.364,0,1,0
2795,2.309,433.088,0,1,0
2796,2.656,376.506,0,1,0
2797,3.097,322.893,0,1,0
2798,3.121,320.410,0,1,0
2799,1.948,513.347,0,1,0
2800,2.685,372.439,0,1,0
2801,3.685,271.370,0,1,0
2802,3.038,329.164,0,1,0
2803,4.307,232.180,0,1,0
2804,2.145,466.200,0,1,0
2805,2.314,432.152,0,1,0
2806,3.236,309.023,0,1,0
2807,3.626,275.786,0,1,0
2808,3.530,283.286,0,1,0
2809,3.008,332.447,0,1,0
2810,3.864,258.799,0,1,0
2811,2.746,364.166,0,1,0
2812,4.546,219.974,0,1,0
2813,2.716,368.189,0,1,0
2814,3.398,294.291,0,1,0
2815,3.915,255.428,0,1,0
2816,8.265,120.992,0,1,0
2817,4.184,239.006,0,1,0
2818,4.241,235.793,0,1,0
2819,3.245,308.166,0,1,0
2820,4.323,231.321,0,1,0
2821,2.781,359.583,0,1,0
2822,3.504,285.388,0,1,0
2823,3.304,302.663,0,1,0
2824,2.577,388.048,0,1,0
2825,4.211,237.473,0,1,0
2826,2.938,340.368,0,1,0
2827,4.464,224.014,0,1,0
2828,2.992,334.225,0,1,0
2829,2.612,382.848,0,1,0
2830,3.364,297.265,0,1,0
2831,3.706,269.833,0,1,0
2832,2.106,474.834,0,1,0
2833,3.690,271.003,0,1,0
2834,3.377,296.121,0,1,0
2835,3.115,321.027,0,1,0
2836,2.644,378.215,0,1,0
2837,3.259,306.843,0,1,0
2838,2.938,340.368,0,1,0
2839,3.833,260.892,0,1,0
2840,4.164,240.154,0,1,0
2841,2.678,373.413,0,1,0
2842,2.309,433.088,0,1,0
2843,2.417,413.736,0,1,0
2844,3.035,329.489,0,1,0
2845,2.824,354.108,0,1,0
2846,4.383,228.154,0,1,0
2847,3.036,329.381,0,1,0
2848,2.619,381.825,0,1,0
2849,2.685,372.439,0,1,0
2850,2.876,347.705,0,1,0
2851,2.146,465.983,0,1,0
2852,3.722,268.673,0,1,0
2853,1.941,515.198,0,1,0
2854,2.608,383.436,0,1,0
2855,3.681,271.665,0,1,0
2856,2.521,396.668,0,1,0
2857,4.309,232.072,0,1,0
2858,3.370,296.736,0,1,0
2859,4.394,227.583,0,1,0
2860,3.415,292.826,0,1,0
2861,3.161,316.356,0,1,0
2862,3.332,300.120,0,1,0
2863,3.741,267.308,0,1,0
2864,2.377,420.698,0,1,0
2865,4.629,216.029,0,1,0
2866,3.037,329.272,0,1,0
2867,4.196,238.322,0,1,0
2868,3.361,297.530,0,1,0
2869,3.633,275.255,0,1,0
2870,3.076,325.098,0,1,0
2871,4.922,203.169,0,1,0
2872,5.009,199.641,0,1,0
2873,2.354,424.809,0,1,0
2874,2.970,336.700,0,1,0
2875,3.417,292.654,0,1,0
2876,2.187,457.247,0,1,0
2877,2.966,337.154,0,1,0
2878,1.996,501.002,0,1,0
2879,3.872,258.264,0,1,0
2880,2.907,343.997,0,1,0
2881,4.438,225.327,0,1,0
2882,3.109,321.647,0,1,0
2883,4.191,238.607,0,1,0
2884,3.301,302.939,0,1,0
2885,2.333,428.633,0,1,0
2886,2.589,386.250,0,1,0
2887,4.052,246.792,0,1,0
2888,2.823,354.233,0,1,0
2889,3.844,260.146,0,1,0
2890,2.495,400.802,0,1,0
2891,2.576,388.199,0,1,0
2892,3.238,308.833,0,1,0
2893,3.161,316.356,0,1,0
2894,3.394,294.638,0,1,0
2895,4.166,240.038,0,1,0
2896,3.102,322.373,0,1,0
2897,3.755,266.312,0,1,0
2898,3.877,257.931,0,1,0
2899,3.823,261.575,0,1,0
2900,2.418,413.565,0,1,0
2901,2.893,345.662,0,1,0
2902,3.469,288.268,0,1,0
2903,2.907,343.997,0,1,0
2904,2.496,400.641,0,1,0
2905,2.789,358.551,0,1,0
2906,4.179,239.292,0,1,0
2907,3.176,314.861,0,1,0
2908,3.720,268.817,0,1,0
2909,2.754,363.108,0,1,0
2910,3.760,265.957,0,1,0
2911,2.640,378.788,0,1,0
2912,4.494,222.519,0,1,0
2913,2.931,341.180,0,1,0
2914,2.908,343.879,0,1,0
2915,4.317,231.642,0,1,0
2916,3.574,279.799,0,1,0
2917,3.088,323.834,0,1,0
2918,3.048,328.084,0,1,0
2919,3.969,251.953,0,1,0
2920,2.917,342.818,0,1,0
2921,3.046,328.299,0,1,0
2922,3.328,300.481,0,1,0
2923,4.327,231.107,0,1,0
2924,3.753,266.454,0,1,0
2925,3.483,287.109,0,1,0
2926,3.457,289.268,0,1,0
2927,2.945,339.559,0,1,0
2928,4.807,208.030,0,1,0
2929,2.887,346.380,0,1,0
2930,3.626,275.786,0,1,0
2931,3.581,279.252,0,1,0
2932,4.293,232.937,0,1,0
2933,2.824,354.108,0,1,0
2934,3.505,285.307,0,1,0
2935,2.713,368.596,0,1,0
2936,4.299,232.612,0,1,0
2937,2.368,422.297,0,1,0
2938,3.149,317.561,0,1,0
2939,2.975,336.134,0,1,0
2940,3.337,299.670,0,1,0
2941,4.021,248.694,0,1,0
2942,2.952,338.753,0,1,0
2943,2.387,418.936,0,1,0
2944,2.593,385.654,0,1,0
2945,2.419,413.394,0,1,0
2946,3.547,281.928,0,1,0
2947,3.621,276.167,0,1,0
2948,3.090,323.625,0,1,0
2949,3.580,279.330,0,1,0
2950,3.040,328.947,0,1,0
2951,2.649,377.501,0,1,0
2952,2.865,349.040,0,1,0
2953,4.050,246.914,0,1,0
2954,2.766,361.533,0,1,0
2955,3.803,262.950,0,1,0
2956,2.224,449.640,0,1,0
2957,2.139,467.508,0,1,0
2958,2.892,345.781,0,1,0
2959,2.380,420.168,0,1,0
2960,2.711,368.868,0,1,0
2961,3.071,325.627,0,1,0
2962,2.421,413.052,0,1,0
2963,3.940,253.807,0,1,0
2964,2.934,340.832,0,1,0
2965,4.011,249.314,0,1,0
2966,2.938,340.368,0,1,0
2967,4.150,240.964,0,1,0
2968,2.916,342.936,0,1,0
2969,3.233,309.310,0,1,0
2970,4.173,239.636,0,1,0
2971,2.693,371.333,0,1,0
2972,1.944,514.403,0,1,0
2973,3.187,313.775,0,1,0
2974,3.775,264.901,0,1,0
2975,2.161,462.749,0,1,0
2976,2.376,420.875,0,1,0
2977,3.317,301.477,0,1,0
2978,3.243,308.356,0,1,0
2979,3.001,333.222,0,1,0
2980,2.483,402.739,0,1,0
2981,3.999,250.063,0,1,0
2982,3.375,296.296,0,1,0
2983,4.422,226.142,0,1,0
2984,3.357,297.885,0,1,0
2985,3.202,312.305,0,1,0
2986,4.060,246.305,0,1,0
2987,2.304,434.028,0,1,0
2988,4.087,244.678,0,1,0
2989,3.236,309.023,0,1,0
2990,5.301,188.644,0,1,0
2991,3.439,290.782,0,1,0
2992,5.325,187.793,0,1,0
2993,3.084,324.254,0,1,0
2994,3.237,308.928,0,1,0
2995,3.706,269.833,0,1,0
2996,2.723,367.242,0,1,0
2997,4.667,214.270,0,1,0
2998,3.413,292.997,0,1,0
2999,3.420,292.398,0,1,0
3000,2.638,379.075,0,1,0
3001,3.500,285.714,0,1,0
3002,5.272,189.681,0,1,0
3003,3.850,259.740,0,1,0
3004,4.045,247.219,0,1,0
3005,3.852,259.605,0,1,0
3006,4.201,238.039,0,1,0
3007,3.328,300.481,0,1,0
3008,5.389,185.563,0,1,0
3009,3.547,281.928,0,1,0
3010,5.039,198.452,0,1,0
3011,3.887,257.268,0,1,0
3012,4.135,241.838,0,1,0
3013,4.567,218.962,0,1,0
3014,5.110,195.695,0,1,0
3015,2.981,335.458,0,1,0
3016,3.085,324.149,0,1,0
3017,2.438,410.172,0,1,0
3018,4.024,248.509,0,1,0
3019,2.768,361.272,0,1,0
3020,4.211,237.473,0,1,0
3021,2.558,390.930,0,1,0
3022,3.235,309.119,0,1,0
3023,2.703,369.959,0,1,0
3024,2.910,343.643,0,1,0
3025,2.784,359.195,0,1,0
3026,2.522,396.511,0,1,0
3027,2.401,416.493,0,1,0
3028,2.416,413.907,0,1,0
3029,4.246,235.516,0,1,0
3030,2.628,380.518,0,1,0
3031,2.821,354.484,0,1,0
3032,2.926,341.763,0,1,0
3033,3.197,312.793,0,1,0
3034,3.346,298.864,0,1,0
3035,3.440,290.698,0,1,0
3036,2.931,341.180,0,1,0
3037,4.396,227.480,0,1,0
3038,2.884,346.741,0,1,0
3039,4.781,209.161,0,1,0
3040,3.201,312.402,0,1,0
3041,4.359,229.410,0,1,0
3042,2.726,366.838,0,1,0
3043,4.497,222.370,0,1,0
3044,3.677,271.961,0,1,0
3045,2.607,383.583,0,1,0
3046,4.383,228.154,0,1,0
3047,3.555,281.294,0,1,0
3048,2.336,428.082,0,1,0
3049,2.933,340.948,0,1,0
3050,2.949,339.098,0,1,0
3051,3.302,302.847,0,1,0
3052,3.503,285.470,0,1,0
3053,2.800,357.143,0,1,0
3054,3.332,300.120,0,1,0
3055,2.957,338.181,0,1,0
3056,4.468,223.814,0,1,0
3057,3.523,283.849,0,1,0
3058,4.862,205.677,0,1,0
3059,3.028,330.251,0,1,0
3060,5.045,198.216,0,1,0
3061,2.815,355.240,0,1,0
3062,3.195,312.989,0,1,0
3063,3.249,307.787,0,1,0
3064,3.277,305.157,0,1,0
3065,2.926,341.763,0,1,0
3066,3.544,282.167,0,1,0
3067,3.358,297.796,0,1,0
3068,3.715,269.179,0,1,0
3069,3.155,316.957,0,1,0
3070,2.481,403.063,0,1,0
3071,3.347,298.775,0,1,0
3072,3.936,254.065,0,1,0
3073,3.528,283.447,0,1,0
3074,2.664,375.375,0,1,0
3075,3.259,306.843,0,1,0
3076,3.821,261.712,0,1,0
3077,2.375,421.053,0,1,0
3078,4.468,223.814,0,1,0
3079,4.508,221.828,0,1,0
3080,4.341,230.362,0,1,0
3081,4.554,219.587,0,1,0
3082,3.376,296.209,0,1,0
3083,3.841,260.349,0,1,0
3084,3.220,310.559,0,1,0
3085,3.060,326.797,0,1,0
3086,3.933,254.259,0,1,0
3087,3.917,255.297,0,1,0
3088,5.101,196.040,0,1,0
3089,4.329,231.000,0,1,0
3090,3.629,275.558,0,1,0
3091,3.756,266.241,0,1,0
3092,2.956,338.295,0,1,0
3093,4.320,231.481,0,1,0
3094,3.243,308.356,0,1,0
3095,3.946,253.421,0,1,0
3096,3.639,274.801,0,1,0
3097,5.177,193.162,0,1,0
3098,3.024,330.688,0,1,0
3099,3.895,256.739,0,1,0
3100,2.506,399.042,0,1,0
3101,4.185,238.949,0,1,0
3102,3.502,285.551,0,1,0
3103,3.507,285.144,0,1,0
3104,3.064,326.371,0,1,0
3105,3.663,273.000,0,1,0
3106,4.262,234.632,0,1,0
3107,3.580,279.330,0,1,0
3108,3.812,262.329,0,1,0
3109,2.480,403.226,0,1,0
3110,3.433,291.290,0,1,0
3111,3.911,255.689,0,1,0
3112,3.545,282.087,0,1,0
3113,3.188,313.676,0,1,0
3114,3.456,289.352,0,1,0
3115,3.586,278.862,0,1,0
3116,3.383,295.596,0,1,0
3117,4.122,242.601,0,1,0
3118,2.553,391.696,0,1,0
3119,3.657,273.448,0,1,0
3120,3.335,299.850,0,1,0
3121,4.576,218.531,0,1,0
3122,2.713,368.596,0,1,0
3123,2.244,445.633,0,1,0
3124,3.812,262.329,0,1,0
3125,3.796,263.435,0,1,0
3126,3.519,284.172,0,1,0
3127,3.069,325.839,0,1,0
3128,2.807,356.252,0,1,0
3129,4.100,243.902,0,1,0
3130,3.666,272.777,0,1,0
3131,2.959,337.952,0,1,0
3132,3.811,262.398,0,1,0
3133,2.738,365.230,0,1,0
3134,4.788,208.855,0,1,0
3135,2.530,395.257,0,1,0
3136,3.197,312.793,0,1,0
3137,1.980,505.051,0,1,0
3138,3.118,320.718,0,1,0
3139,2.462,406.174,0,1,0
3140,2.472,404.531,0,1,0
3141,3.778,264.690,0,1,0
3142,3.575,279.720,0,1,0
3143,4.069,245.761,0,1,0
3144,3.362,297.442,0,1,0
3145,3.385,295.421,0,1,0
3146,3.230,309.598,0,1,0
3147,3.229,309.693,0,1,0
3148,3.346,298.864,0,1,0
3149,2.746,364.166,0,1,0
3150,4.950,202.020,0,1,0
3151,3.130,319.489,0,1,0
3152,2.517,397.298,0,1,0
3153,3.906,256.016,0,1,0
3154,2.870,348.432,0,1,0
3155,2.843,351.741,0,1,0
3156,3.249,307.787,0,1,0
3157,3.543,282.247,0,1,0
3158,4.229,236.463,0,1,0
3159,3.427,291.800,0,1,0
3160,2.904,344.353,0,1,0
3161,4.518,221.337,0,1,0
3162,2.913,343.289,0,1,0
3163,3.381,295.770,0,1,0
3164,4.483,223.065,0,1,0
3165,2.977,335.909,0,1,0
3166,4.216,237.192,0,1,0
3167,2.826,353.857,0,1,0
3168,4.549,219.829,0,1,0
3169,2.944,339.674,0,1,0
3170,2.245,445.434,0,1,0
3171,2.128,469.925,0,1,0
3172,4.177,239.406,0,1,0
3173,2.244,445.633,0,1,0
3174,2.501,399.840,0,1,0
3175,5.127,195.046,0,1,0
3176,2.874,347.947,0,1,0
3177,3.665,272.851,0,1,0
3178,3.503,285.470,0,1,0
3179,3.646,274.273,0,1,0
3180,2.830,353.357,0,1,0
3181,2.739,365.097,0,1,0
3182,2.895,345.423,0,1,0
3183,2.871,348.311,0,1,0
3184,2.323,430.478,0,1,0
3185,2.833,352.983,0,1,0
3186,3.275,305.344,0,1,0
3187,3.499,285.796,0,1,0
3188,4.536,220.459,0,1,0
3189,2.891,345.901,0,1,0
3190,4.117,242.895,0,1,0
3191,2.176,459.559,0,1,0
3192,4.308,232.126,0,1,0
3193,2.604,384.025,0,1,0
3194,3.126,319.898,0,1,0
3195,2.899,344.947,0,1,0
3196,3.152,317.259,0,1,0
3197,2.567,389.560,0,1,0
3198,2.454,407.498,0,1,0
3199,3.163,316.156,0,1,0
3200,2.720,367.647,0,1,0
3201,3.105,322.061,0,1,0
3202,2.778,359.971,0,1,0
3203,3.701,270.197,0,1,0
3204,2.360,423.729,0,1,0
3205,3.864,258.799,0,1,0
3206,2.974,336.247,0,1,0
3207,3.389,295.072,0,1,0
3208,3.050,327.869,0,1,0
3209,3.383,295.596,0,1,0
3210,3.176,314.861,0,1,0
3211,4.111,243.250,0,1,0
3212,2.479,403.388,0,1,0
3213,2.706,369.549,0,1,0
3214,2.869,348.554,0,1,0
3215,3.484,287.026,0,1,0
3216,3.766,265.534,0,1,0
3217,3.122,320.307,0,1,0
3218,3.521,284.010,0,1,0
3219,3.216,310.945,0,1,0
3220,3.198,312.695,0,1,0
3221,2.607,383.583,0,1,0
3222,3.133,319.183,0,1,0
3223,3.125,320.000,0,1,0
3224,3.720,268.817,0,1,0
3225,2.804,356.633,0,1,0
3226,3.490,286.533,0,1,0
3227,4.431,225.683,0,1,0
3228,3.731,268.025,0,1,0
3229,3.834,260.824,0,1,0
3230,2.192,456.204,0,1,0
3231,2.660,375.940,0,1,0
3232,3.425,291.971,0,1,0
3233,3.144,318.066,0,1,0
3234,3.726,268.384,0,1,0
3235,2.224,449.640,0,1,0
3236,2.239,446.628,0,1,0
3237,2.951,338.868,0,1,0
3238,2.576,388.199,0,1,0
3239,2.897,345.185,0,1,0
3240,2.929,341.413,0,1,0
3241,3.660,273.224,0,1,0
3242,3.782,264.410,0,1,0
3243,2.230,448.430,0,1,0
3244,4.654,214.869,0,1,0
3245,3.107,321.854,0,1,0
3246,2.577,388.048,0,1,0
3247,4.110,243.309,0,1,0
3248,2.981,335.458,0,1,0
3249,2.626,380.807,0,1,0
3250,2.978,335.796,0,1,0
3251,3.212,311.333,0,1,0
3252,3.715,269.179,0,1,0
3253,3.325,300.752,0,1,0
3254,2.684,372.578,0,1,0
3255,3.573,279.877,0,1,0
3256,3.413,292.997,0,1,0
3257,2.947,339.328,0,1,0
3258,2.932,341.064,0,1,0
3259,3.419,292.483,0,1,0
3260,4.803,208.203,0,1,0
3261,2.981,335.458,0,1,0
3262,3.077,324.992,0,1,0
3263,2.767,361.402,0,1,0
3264,2.761,362.188,0,1,0
3265,3.127,319.795,0,1,0
3266,2.274,439.754,0,1,0
3267,3.179,314.564,0,1,0
3268,2.378,420.521,0,1,0
3269,5.383,185.770,0,1,0
3270,2.344,426.621,0,1,0
3271,2.238,446.828,0,1,0
3272,3.193,313.185,0,1,0
3273,2.032,492.126,0,1,0
3274,4.996,200.160,0,1,0
3275,2.279,438.789,0,1,0
3276,2.632,379.939,0,1,0
3277,4.035,247.831,0,1,0
3278,3.158,316.656,0,1,0
3279,2.616,382.263,0,1,0
3280,3.114,321.130,0,1,0
3281,1.900,526.316,0,1,0
3282,2.224,449.640,0,1,0
3283,2.842,351.865,0,1,0
3284,2.922,342.231,0,1,0
3285,3.368,296.912,0,1,0
3286,2.544,393.082,0,1,0
3287,1.737,575.705,0,1,0
3288,2.229,448.632,0,1,0
3289,2.932,341.064,0,1,0
3290,2.952,338.753,0,1,0
3291,3.440,290.698,0,1,0
3292,2.114,473.037,0,1,0
3293,3.458,289.184,0,1,0
3294,3.848,259.875,0,1,0
3295,2.966,337.154,0,1,0
3296,3.917,255.297,0,1,0
3297,3.579,279.408,0,1,0
3298,2.533,394.789,0,1,0
3299,3.064,326.371,0,1,0
3300,2.170,460.829,0,1,0
3301,2.095,477.327,0,1,0
3302,2.158,463.392,0,1,0
3303,3.159,316.556,0,1,0
3304,4.836,206.782,0,1,0
3305,3.138,318.674,0,1,0
3306,3.459,289.101,0,1,0
3307,2.500,400.000,0,1,0
3308,2.456,407.166,0,1,0
3309,2.425,412.371,0,1,0
3310,2.249,444.642,0,1,0
3311,2.674,373.972,0,1,0
3312,2.584,386.997,0,1,0
3313,3.571,280.034,0,1,0
3314,3.198,312.695,0,1,0
3315,3.241,308.547,0,1,0
3316,2.684,372.578,0,1,0
3317,2.401,416.493,0,1,0
3318,1.799,555.864,0,1,0
3319,2.122,471.254,0,1,0
3320,3.735,267.738,0,1,0
3321,2.919,342.583,0,1,0
3322,3.019,331.236,0,1,0
3323,2.251,444.247,0,1,0
3324,2.403,416.146,0,1,0
3325,3.620,276.243,0,1,0
3326,2.834,352.858,0,1,0
3327,3.426,291.886,0,1,0
3328,2.513,397.931,0,1,0
3329,4.218,237.079,0,1,0
3330,10.020,99.800,0,1,0
3331,4.719,211.909,0,1,0
3332,3.396,294.464,0,1,0
3333,3.122,320.307,0,1,0
3334,4.017,248.942,0,1,0
3335,3.153,317.158,0,1,0
3336,4.041,247.463,0,1,0
3337,3.892,256.937,0,1,0
3338,3.192,313.283,0,1,0
3339,3.229,309.693,0,1,0
3340,2.936,340.599,0,1,0
3341,2.634,379.651,0,1,0
3342,2.943,339.789,0,1,0
3343,3.934,254.194,0,1,0
3344,4.268,234.302,0,1,0
3345,3.412,293.083,0,1,0
3346,5.096,196.232,0,1,0
3347,3.316,301.568,0,1,0
3348,3.881,257.666,0,1,0
3349,2.854,350.385,0,1,0
3350,4.749,210.571,0,1,0
3351,3.181,314.367,0,1,0
3352,3.768,265.393,0,1,0
3353,2.721,367.512,0,1,0
3354,2.561,390.472,0,1,0
3355,3.124,320.102,0,1,0
3356,2.796,357.654,0,1,0
3357,3.828,261.233,0,1,0
3358,3.054,327.439,0,1,0
3359,3.749,266.738,0,1,0
3360,2.440,409.836,0,1,0
3361,3.901,256.345,0,1,0
3362,3.920,255.102,0,1,0
3363,3.560,280.899,0,1,0
3364,3.997,250.188,0,1,0
3365,4.543,220.119,0,1,0
3366,3.443,290.444,0,1,0
3367,3.379,295.946,0,1,0
3368,2.899,344.947,0,1,0
3369,3.820,261.780,0,1,0
3370,4.447,224.871,0,1,0
3371,3.313,301.841,0,1,0
3372,3.308,302.297,0,1,0
3373,2.938,340.368,0,1,0
3374,3.398,294.291,0,1,0
3375,3.022,330.907,0,1,0
3376,2.918,342.700,0,1,0
3377,4.970,201.207,0,1,0
3378,4.122,242.601,0,1,0
3379,2.286,437.445,0,1,0
3380,3.513,284.657,0,1,0
3381,3.147,317.763,0,1,0
3382,3.333,300.030,0,1,0
3383,4.231,236.351,0,1,0
3384,3.139,318.573,0,1,0
3385,2.971,336.587,0,1,0
3386,3.751,266.596,0,1,0
3387,2.491,401.445,0,1,0
3388,3.374,296.384,0,1,0
3389,4.730,211.416,0,1,0
3390,3.705,269.906,0,1,0
3391,3.756,266.241,0,1,0
3392,3.350,298.507,0,1,0
3393,3.782,264.410,0,1,0
3394,3.509,284.981,0,1,0
3395,3.960,252.525,0,1,0
3396,3.173,315.159,0,1,0
3397,3.313,301.841,0,1,0
3398,2.192,456.204,0,1,0
3399,3.203,312.207,0,1,0
3400,2.792,358.166,0,1,0
3401,4.083,244.918,0,1,0
3402,3.458,289.184,0,1,0
3403,4.689,213.265,0,1,0
3404,3.054,327.439,0,1,0
3405,3.503,285.470,0,1,0
3406,3.466,288.517,0,1,0
3407,3.165,315.956,0,1,0
3408,1.807,553.403,0,1,0
3409,2.499,400.160,0,1,0
3410,2.878,347.464,0,1,0
3411,5.403,185.082,0,1,0
3412,3.192,313.283,0,1,0
3413,4.512,221.631,0,1,0
3414,2.889,346.141,0,1,0
3415,3.843,260.213,0,1,0
3416,3.847,259.943,0,1,0
3417,2.968,336.927,0,1,0
3418,3.356,297.974,0,1,0
3419,2.737,365.364,0,1,0
3420,2.298,435.161,0,1,0
3421,3.696,270.563,0,1,0
3422,2.526,395.883,0,1,0
3423,1.913,522.739,0,1,0
3424,2.661,375.799,0,1,0
3425,4.180,239.234,0,1,0
3426,4.653,214.915,0,1,0
3427,2.611,382.995,0,1,0
3428,3.550,281.690,0,1,0
3429,2.116,472.590,0,1,0
3430,3.931,254.388,0,1,0
3431,2.504,399.361,0,1,0
3432,4.838,206.697,0,1,0
3433,3.247,307.977,0,1,0
3434,3.790,263.852,0,1,0
3435,2.265,441.501,0,1,0
3436,2.024,494.071,0,1,0
3437,4.276,233.863,0,1,0
3438,3.396,294.464,0,1,0
3439,3.687,271.223,0,1,0
3440,2.848,351.124,0,1,0
3441,2.880,347.222,0,1,0
3442,3.761,265.887,0,1,0
3443,2.445,408.998,0,1,0
3444,3.383,295.596,0,1,0
3445,2.702,370.096,0,1,0
3446,3.828,261.233,0,1,0
3447,3.001,333.222,0,1,0
3448,4.025,248.447,0,1,0
3449,3.220,310.559,0,1,0
3450,2.986,334.896,0,1,0
3451,2.311,432.713,0,1,0
3452,4.302,232.450,0,1,0
3453,3.267,306.091,0,1,0
3454,5.513,181.389,0,1,0
3455,3.226,309.981,0,1,0
3456,4.509,221.779,0,1,0
3457,3.133,319.183,0,1,0
3458,5.274,189.609,0,1,0
3459,2.630,380.228,0,1,0
3460,6.295,158.856,0,1,0
3461,3.422,292.227,0,1,0
3462,4.933,202.716,0,1,0
3463,2.419,413.394,0,1,0
3464,5.211,191.902,0,1,0
3465,2.781,359.583,0,1,0
3466,4.287,233.263,0,1,0
3467,3.032,329.815,0,1,0
3468,3.333,300.030,0,1,0
3469,5.128,195.008,0,1,0
3470,2.785,359.066,0,1,0
3471,4.571,218.771,0,1,0
3472,3.277,305.157,0,1,0
3473,4.712,212.224,0,1,0
3474,3.152,317.259,0,1,0
3475,4.087,244.678,0,1,0
3476,4.236,236.072,0,1,0
3477,3.449,289.939,0,1,0
3478,3.052,327.654,0,1,0
3479,2.328,429.553,0,1,0
3480,2.995,333.890,0,1,0
3481,3.362,297.442,0,1,0
3482,3.635,275.103,0,1,0
3483,2.982,335.345,0,1,0
3484,2.570,389.105,0,1,0
3485,3.643,274.499,0,1,0
3486,2.970,336.700,0,1,0
3487,3.376,296.209,0,1,0
3488,2.854,350.385,0,1,0
3489,3.345,298.954,0,1,0
3490,4.407,226.912,0,1,0
3491,3.980,251.256,0,1,0
3492,4.199,238.152,0,1,0
3493,3.541,282.406,0,1,0
3494,3.066,326.158,0,1,0
3495,2.530,395.257,0,1,0
3496,4.363,229.200,0,1,0
3497,3.228,309.789,0,1,0
3498,4.455,224.467,0,1,0
3499,2.498,400.320,0,1,0
3500,4.455,224.467,0,1,0
3501,3.185,313.972,0,1,0
3502,5.300,188.679,0,1,0
3503,3.244,308.261,0,1,0
3504,3.124,320.102,0,1,0
3505,3.384,295.508,0,1,0
3506,3.691,270.929,0,1,0
3507,2.922,342.231,0,1,0
3508,2.873,348.068,0,1,0
3509,4.510,221.729,0,1,0
3510,3.597,278.009,0,1,0
3511,3.814,262.192,0,1,0
3512,2.563,390.168,0,1,0
3513,2.545,392.927,0,1,0
3514,3.576,279.642,0,1,0
3515,2.871,348.311,0,1,0
3516,2.840,352.113,0,1,0
3517,3.273,305.530,0,1,0
3518,3.849,259.808,0,1,0
3519,3.707,269.760,0,1,0
3520,3.251,307.598,0,1,0
3521,2.681,372.995,0,1,0
3522,4.054,246.670,0,1,0
3523,3.019,331.236,0,1,0
3524,3.160,316.456,0,1,0
3525,2.717,368.053,0,1,0
3526,2.565,389.864,0,1,0
3527,2.780,359.712,0,1,0
3528,3.151,317.360,0,1,0
3529,3.059,326.904,0,1,0
3530,3.240,308.642,0,1,0
3531,3.315,301.659,0,1,0
3532,3.877,257.931,0,1,0
3533,3.654,273.673,0,1,0
3534,2.938,340.368,0,1,0
3535,3.034,329.598,0,1,0
3536,2.966,337.154,0,1,0
3537,2.084,479.846,0,1,0
3538,2.516,397.456,0,1,0
3539,2.928,341.530,0,1,0
3540,1.863,536.769,0,1,0
3541,3.803,262.950,0,1,0
3542,2.784,359.195,0,1,0
3543,3.137,318.776,0,1,0
3544,3.577,279.564,0,1,0
3545,4.239,235.905,0,1,0
3546,3.460,289.017,0,1,0
3547,3.378,296.033,0,1,0
3548,3.431,291.460,0,1,0
3549,3.893,256.871,0,1,0
3550,2.981,335.458,0,1,0
3551,5.085,196.657,0,1,0
3552,3.984,251.004,0,1,0
3553,3.676,272.035,0,1,0
3554,2.324,430.293,0,1,0
3555,4.085,244.798,0,1,0
3556,2.884,346.741,0,1,0
3557,3.267,306.091,0,1,0
3558,2.808,356.125,0,1,0
3559,3.292,303.767,0,1,0
3560,2.494,400.962,0,1,0
3561,2.646,377.929,0,1,0
3562,2.839,352.237,0,1,0
3563,2.951,338.868,0,1,0
3564,2.684,372.578,0,1,0
3565,3.382,295.683,0,1,0
3566,2.675,373.832,0,1,0
3567,2.354,424.809,0,1,0
3568,2.256,443.262,0,1,0
3569,2.887,346.380,0,1,0
3570,2.345,426.439,0,1,0
3571,2.279,438.789,0,1,0
3572,2.283,438.020,0,1,0
3573,3.075,325.203,0,1,0
3574,2.913,343.289,0,1,0
3575,2.576,388.199,0,1,0
3576,3.509,284.981,0,1,0
3577,3.114,321.130,0,1,0
3578,3.566,280.426,0,1,0
3579,2.818,354.862,0,1,0
3580,2.427,412.031,0,1,0
3581,2.224,449.640,0,1,0
3582,1.909,523.834,0,1,0
3583,4.043,247.341,0,1,0
3584,2.564,390.016,0,1,0
3585,3.672,272.331,0,1,0
3586,3.086,324.044,0,1,0
3587,2.691,371.609,0,1,0
3588,3.320,301.205,0,1,0
3589,2.807,356.252,0,1,0
3590,2.880,347.222,0,1,0
3591,3.506,285.225,0,1,0
3592,3.524,283.768,0,1,0
3593,3.225,310.078,0,1,0
3594,2.111,473.709,0,1,0
3595,2.427,412.031,0,1,0
3596,2.289,436.872,0,1,0
3597,2.606,383.730,0,1,0
3598,2.522,396.511,0,1,0
3599,2.220,450.450,0,1,0
3600,2.248,444.840,0,1,0
3601,2.285,437.637,0,1,0
3602,2.803,356.761,0,1,0
3603,4.898,204.165,0,1,0
3604,2.998,333.556,0,1,0
3605,2.273,439.947,0,1,0
3606,2.595,385.356,0,1,0
3607,2.856,350.140,0,1,0
3608,2.089,478.698,0,1,0
3609,4.015,249.066,0,1,0
3610,2.823,354.233,0,1,0
3611,2.726,366.838,0,1,0
3612,3.152,317.259,0,1,0
3613,2.798,357.398,0,1,0
3614,2.928,341.530,0,1,0
3615,4.667,214.270,0,1,0
3616,3.800,263.158,0,1,0
3617,3.626,275.786,0,1,0
3618,2.831,353.232,0,1,0
3619,3.977,251.446,0,1,0
3620,2.933,340.948,0,1,0
3621,3.645,274.348,0,1,0
3622,3.243,308.356,0,1,0
3623,3.383,295.596,0,1,0
3624,2.726,366.838,0,1,0
3625,4.518,221.337,0,1,0
3626,2.541,393.546,0,1,0
3627,2.499,400.160,0,1,0
3628,2.743,364.564,0,1,0
3629,3.350,298.507,0,1,0
3630,2.842,351.865,0,1,0
3631,2.957,338.181,0,1,0
3632,3.721,268.745,0,1,0
3633,2.603,384.172,0,1,0
3634,2.715,368.324,0,1,0
3635,3.052,327.654,0,1,0
3636,5.306,188.466,0,1,0
3637,3.857,259.269,0,1,0
3638,4.407,226.912,0,1,0
3639,3.097,322.893,0,1,0
3640,3.791,263.783,0,1,0
3641,2.856,350.140,0,1,0
3642,2.080,480.769,0,1,0
3643,2.800,357.143,0,1,0
3644,4.239,235.905,0,1,0
3645,3.472,288.018,0,1,0
3646,2.563,390.168,0,1,0
3647,2.978,335.796,0,1,0
3648,3.314,301.750,0,1,0
3649,3.903,256.213,0,1,0
3650,3.651,273.898,0,1,0
3651,3.284,304.507,0,1,0
3652,2.907,343.997,0,1,0
3653,3.225,310.078,0,1,0
3654,3.406,293.600,0,1,0
3655,4.412,226.655,0,1,0
3656,2.984,335.121,0,1,0
3657,4.780,209.205,0,1,0
3658,3.470,288.184,0,1,0
3659,4.002,249.875,0,1,0
3660,2.847,351.247,0,1,0
3661,4.391,227.739,0,1,0
3662,3.602,277.624,0,1,0
3663,3.349,298.597,0,1,0
3664,3.004,332.889,0,1,0
3665,3.885,257.400,0,1,0
3666,2.800,357.143,0,1,0
3667,3.924,254.842,0,1,0
3668,3.622,276.091,0,1,0
3669,4.160,240.385,0,1,0
3670,3.212,311.333,0,1,0
3671,4.473,223.564,0,1,0
3672,3.338,299.581,0,1,0
3673,4.513,221.582,0,1,0
3674,2.879,347.343,0,1,0
3675,4.019,248.818,0,1,0
3676,2.722,367.377,0,1,0
3677,4.938,202.511,0,1,0
3678,3.109,321.647,0,1,0
3679,3.525,283.688,0,1,0
3680,2.681,372.995,0,1,0
3681,4.820,207.469,0,1,0
3682,3.397,294.377,0,1,0
3683,4.330,230.947,0,1,0
3684,2.435,410.678,0,1,0
3685,3.551,281.611,0,1,0
3686,4.251,235.239,0,1,0
3687,3.856,259.336,0,1,0
3688,5.658,176.741,0,1,0
3689,4.592,217.770,0,1,0
3690,2.814,355.366,0,1,0
3691,4.660,214.592,0,1,0
3692,3.258,306.937,0,1,0
3693,4.066,245.942,0,1,0
3694,2.785,359.066,0,1,0
3695,4.422,226.142,0,1,0
3696,2.881,347.102,0,1,0
3697,3.518,284.252,0,1,0
3698,2.772,360.750,0,1,0
3699,3.252,307.503,0,1,0
3700,5.622,177.873,0,1,0
3701,3.423,292.141,0,1,0
3702,4.479,223.264,0,1,0
3703,2.926,341.763,0,1,0
3704,4.758,210.172,0,1,0
3705,2.961,337.724,0,1,0
3706,5.468,182.882,0,1,0
3707,5.278,189.466,0,1,0
3708,3.725,268.456,0,1,0
3709,5.770,173.310,0,1,0
3710,4.736,211.149,0,1,0
3711,3.349,298.597,0,1,0
3712,5.451,183.453,0,1,0
3713,4.747,210.659,0,1,0
3714,5.403,185.082,0,1,0
3715,3.454,289.519,0,1,0
3716,3.456,289.352,0,1,0
3717,4.578,218.436,0,1,0
3718,3.679,271.813,0,1,0
3719,3.335,299.850,0,1,0
3720,3.885,257.400,0,1,0
3721,4.139,241.604,0,1,0
3722,5.350,186.916,0,1,0
3723,3.835,260.756,0,1,0
3724,4.718,211.954,0,1,0
3725,3.319,301.296,0,1,0
3726,4.583,218.198,0,1,0
3727,4.122,242.601,0,1,0
3728,5.080,196.850,0,1,0
3729,6.000,166.667,0,1,0
3730,3.830,261.097,0,1,0
3731,5.462,183.083,0,1,0
3732,3.769,265.322,0,1,0
3733,4.639,215.564,0,1,0
3734,4.753,210.393,0,1,0
3735,4.263,234.577,0,1,0
3736,3.721,268.745,0,1,0
3737,5.717,174.917,0,1,0
3738,6.347,157.555,0,1,0
3739,3.467,288.434,0,1,0
3740,4.837,206.740,0,1,0
3741,4.131,242.072,0,1,0
3742,5.166,193.573,0,1,0
3743,4.019,248.818,0,1,0
3744,2.873,348.068,0,1,0
3745,4.205,237.812,0,1,0
3746,4.253,235.128,0,1,0
3747,3.640,274.725,0,1,0
3748,3.796,263.435,0,1,0
3749,3.199,312.598,0,1,0
3750,3.165,315.956,0,1,0
3751,2.913,343.289,0,1,0
3752,4.284,233.427,0,1,0
3753,2.811,355.745,0,1,0
3754,3.456,289.352,0,1,0
3755,3.914,255.493,0,1,0
3756,3.880,257.732,0,1,0
3757,5.207,192.049,0,1,0
3758,3.577,279.564,0,1,0
3759,4.616,216.638,0,1,0
3760,3.350,298.507,0,1,0
3761,4.560,219.298,0,1,0
3762,2.776,360.231,0,1,0
3763,3.589,278.629,0,1,0
3764,3.891,257.003,0,1,0
3765,3.790,263.852,0,1,0
3766,3.279,304.971,0,1,0
3767,3.359,297.708,0,1,0
3768,3.205,312.012,0,1,0
3769,4.455,224.467,0,1,0
3770,2.781,359.583,0,1,0
3771,3.895,256.739,0,1,0
3772,3.327,300.571,0,1,0
3773,4.733,211.282,0,1,0
3774,4.807,208.030,0,1,0
3775,4.084,244.858,0,1,0
3776,3.485,286.944,0,1,0
3777,4.143,241.371,0,1,0
3778,4.156,240.616,0,1,0
3779,3.743,267.165,0,1,0
3780,3.385,295.421,0,1,0
3781,3.393,294.724,0,1,0
3782,3.971,251.826,0,1,0
3783,3.685,271.370,0,1,0
3784,3.902,256.279,0,1,0
3785,4.010,249.377,0,1,0
3786,4.487,222.866,0,1,0
3787,3.523,283.849,0,1,0
3788,4.193,238.493,0,1,0
3789,3.489,286.615,0,1,0
3790,3.808,262.605,0,1,0
3791,2.341,427.168,0,1,0
3792,4.845,206.398,0,1,0
3793,4.069,245.761,0,1,0
3794,4.662,214.500,0,1,0
3795,5.247,190.585,0,1,0
3796,3.340,299.401,0,1,0
3797,4.952,201.939,0,1,0
3798,2.546,392.773,0,1,0
3799,5.272,189.681,0,1,0
3800,3.661,273.149,0,1,0
3801,4.686,213.402,0,1,0
3802,3.299,303.122,0,1,0
3803,3.811,262.398,0,1,0
3804,3.562,280.741,0,1,0
3805,4.535,220.507,0,1,0
3806,4.138,241.663,0,1,0
3807,5.376,186.012,0,1,0
3808,3.001,333.222,0,1,0
3809,3.802,263.019,0,1,0
3810,4.539,220.313,0,1,0
3811,3.751,266.596,0,1,0
3812,4.558,219.394,0,1,0
3813,3.886,257.334,0,1,0
3814,4.590,217.865,0,1,0
3815,3.050,327.869,0,1,0
3816,4.705,212.540,0,1,0
3817,3.758,266.099,0,1,0
3818,4.453,224.568,0,1,0
3819,2.951,338.868,0,1,0
3820,4.880,204.918,0,1,0
3821,2.880,347.222,0,1,0
3822,3.632,275.330,0,1,0
3823,4.021,248.694,0,1,0
3824,3.956,252.781,0,1,0
3825,3.343,299.133,0,1,0
3826,4.166,240.038,0,1,0
3827,2.870,348.432,0,1,0
3828,3.794,263.574,0,1,0
3829,2.885,346.620,0,1,0
3830,4.862,205.677,0,1,0
3831,3.627,275.710,0,1,0
3832,3.063,326.477,0,1,0
3833,3.023,330.797,0,1,0
3834,3.712,269.397,0,1,0
3835,4.432,225.632,0,1,0
3836,3.937,254.001,0,1,0
3837,3.613,276.778,0,1,0
3838,4.073,245.519,0,1,0
3839,4.595,217.628,0,1,0
3840,4.612,216.826,0,1,0
3841,3.327,300.571,0,1,0
3842,3.349,298.597,0,1,0
3843,2.626,380.807,0,1,0
3844,4.447,224.871,0,1,0
3845,4.239,235.905,0,1,0
3846,3.996,250.250,0,1,0
3847,2.902,344.590,0,1,0
3848,4.859,205.804,0,1,0
3849,3.429,291.630,0,1,0
3850,3.241,308.547,0,1,0
3851,4.048,247.036,0,1,0
3852,2.949,339.098,0,1,0
3853,2.645,378.072,0,1,0
3854,5.126,195.084,0,1,0
3855,2.876,347.705,0,1,0
3856,3.730,268.097,0,1,0
3857,2.865,349.040,0,1,0
3858,3.354,298.151,0,1,0
3859,4.370,228.833,0,1,0
3860,2.954,338.524,0,1,0
3861,4.034,247.893,0,1,0
3862,4.147,241.138,0,1,0
3863,2.734,365.764,0,1,0
3864,3.212,311.333,0,1,0
3865,2.586,386.698,0,1,0
3866,2.769,361.141,0,1,0
3867,3.745,267.023,0,1,0
3868,2.508,398.724,0,1,0
3869,4.454,224.517,0,1,0
3870,3.786,264.131,0,1,0
3871,3.222,310.366,0,1,0
3872,2.713,368.596,0,1,0
3873,3.023,330.797,0,1,0
3874,2.276,439.367,0,1,0
3875,3.000,333.333,0,1,0
3876,5.410,184.843,0,1,0
3877,4.134,241.896,0,1,0
3878,2.080,480.769,0,1,0
3879,2.175,459.770,0,1,0
3880,3.186,313.873,0,1,0
3881,2.738,365.230,0,1,0
3882,5.025,199.005,0,1,0
3883,3.492,286.369,0,1,0
3884,3.716,269.107,0,1,0
3885,2.685,372.439,0,1,0
3886,3.239,308.737,0,1,0
3887,4.130,242.131,0,1,0
3888,4.227,236.574,0,1,0
3889,5.243,190.730,0,1,0
3890,3.419,292.483,0,1,0
3891,5.330,187.617,0,1,0
3892,3.626,275.786,0,1,0
3893,3.702,270.124,0,1,0
3894,4.016,249.004,0,1,0
3895,3.778,264.690,0,1,0
3896,3.444,290.360,0,1,0
3897,4.811,207.857,0,1,0
3898,4.544,220.070,0,1,0
3899,5.000,200.000,0,1,0
3900,3.218,310.752,0,1,0
3901,4.559,219.346,0,1,0
3902,3.986,250.878,0,1,0
3903,5.342,187.196,0,1,0
3904,3.583,279.096,0,1,0
3905,5.752,173.853,0,1,0
3906,3.421,292.312,0,1,0
3907,3.558,281.057,0,1,0
3908,2.955,338.409,0,1,0
3909,3.214,311.139,0,1,0
3910,1.825,547.945,0,1,0
3911,3.369,296.824,0,1,0
3912,2.310,432.900,0,1,0
3913,3.563,280.662,0,1,0
3914,3.415,292.826,0,1,0
3915,2.714,368.460,0,1,0
3916,4.183,239.063,0,1,0
3917,2.180,458.716,0,1,0
3918,3.396,294.464,0,1,0
3919,2.591,385.951,0,1,0
3920,3.219,310.655,0,1,0
3921,2.662,375.657,0,1,0
3922,3.035,329.489,0,1,0
3923,1.965,508.906,0,1,0
3924,1.705,586.510,0,1,0
3925,3.397,294.377,0,1,0
3926,2.520,396.825,0,1,0
3927,3.020,331.126,0,1,0
3928,3.004,332.889,0,1,0
3929,4.483,223.065,0,1,0
3930,2.269,440.723,0,1,0
3931,2.525,396.040,0,1,0
3932,2.280,438.596,0,1,0
3933,3.044,328.515,0,1,0
3934,3.147,317.763,0,1,0
3935,2.692,371.471,0,1,0
3936,3.993,250.438,0,1,0
3937,2.138,467.727,0,1,0
3938,3.152,317.259,0,1,0
3939,4.095,244.200,0,1,0
3940,3.135,318.979,0,1,0
3941,3.593,278.319,0,1,0
3942,3.354,298.151,0,1,0
3943,3.796,263.435,0,1,0
3944,4.796,208.507,0,1,0
3945,3.239,308.737,0,1,0
3946,3.103,322.269,0,1,0
3947,2.951,338.868,0,1,0
3948,3.327,300.571,0,1,0
3949,4.437,225.378,0,1,0
3950,6.029,165.865,0,1,0
3951,3.318,301.386,0,1,0
3952,3.970,251.889,0,1,0
3953,2.560,390.625,0,1,0
3954,3.953,252.972,0,1,0
3955,2.164,462.107,0,1,0
3956,2.747,364.033,0,1,0
3957,3.882,257.599,0,1,0
3958,3.227,309.885,0,1,0
3959,3.893,256.871,0,1,0
3960,3.848,259.875,0,1,0
3961,3.857,259.269,0,1,0
3962,4.787,208.899,0,1,0
3963,2.051,487.567,0,1,0
3964,4.274,233.973,0,1,0
3965,2.214,451.671,0,1,0
3966,3.786,264.131,0,1,0
3967,4.185,238.949,0,1,0
3968,4.407,226.912,0,1,0
3969,4.284,233.427,0,1,0
3970,3.169,315.557,0,1,0
3971,3.720,268.817,0,1,0
3972,1.828,547.046,0,1,0
3973,2.497,400.481,0,1,0
3974,3.877,257.931,0,1,0
3975,4.362,229.253,0,1,0
3976,5.326,187.758,0,1,0
3977,3.286,304.321,0,1,0
3978,3.898,256.542,0,1,0
3979,6.238,160.308,0,1,0
3980,3.748,266.809,0,1,0
3981,3.148,317.662,0,1,0
3982,6.286,159.084,0,1,0
3983,1.986,503.525,0,1,0
3984,3.163,316.156,0,1,0
3985,3.940,253.807,0,1,0
3986,4.246,235.516,0,1,0
3987,4.524,221.043,0,1,0
3988,2.499,400.160,0,1,0
3989,5.122,195.236,0,1,0
3990,3.399,294.204,0,1,0
3991,4.607,217.061,0,1,0
3992,3.437,290.951,0,1,0
3993,4.438,225.327,0,1,0
3994,3.542,282.326,0,1,0
3995,1.953,512.033,0,1,0
3996,2.323,430.478,0,1,0
3997,3.656,273.523,0,1,0
3998,4.706,212.495,0,1,0
3999,2.968,336.927,0,1,0
4000,5.544,180.375,0,1,0
4001,4.679,213.721,0,1,0
4002,3.072,325.521,0,1,0
4003,2.929,341.413,0,1,0
4004,3.977,251.446,0,1,0
4005,4.143,241.371,0,1,0
4006,4.940,202.429,0,1,0
4007,2.481,403.063,0,1,0
4008,4.102,243.784,0,1,0
4009,3.457,289.268,0,1,0
4010,3.964,252.270,0,1,0
4011,4.666,214.316,0,1,0
4012,3.214,311.139,0,1,0
4013,3.533,283.046,0,1,0
4014,2.751,363.504,0,1,0
4015,3.680,271.739,0,1,0
4016,3.228,309.789,0,1,0
4017,5.054,197.863,0,1,0
4018,3.414,292.912,0,1,0
4019,4.350,229.885,0,1,0
4020,4.861,205.719,0,1,0
4021,2.013,496.771,0,1,0
4022,2.533,394.789,0,1,0
4023,3.664,272.926,0,1,0
4024,2.435,410.678,0,1,0
4025,3.690,271.003,0,1,0
4026,3.901,256.345,0,1,0
4027,3.998,250.125,0,1,0
4028,3.313,301.841,0,1,0
4029,3.130,319.489,0,1,0
4030,4.396,227.480,0,1,0
4031,4.878,205.002,0,1,0
4032,2.671,374.392,0,1,0
4033,3.123,320.205,0,1,0
4034,3.577,279.564,0,1,0
4035,2.656,376.506,0,1,0
4036,4.358,229.463,0,1,0
4037,2.718,367.918,0,1,0
4038,3.636,275.028,0,1,0
4039,3.787,264.061,0,1,0
4040,4.259,234.797,0,1,0
4041,3.447,290.107,0,1,0
4042,3.296,303.398,0,1,0
4043,2.959,337.952,0,1,0
4044,4.508,221.828,0,1,0
4045,3.885,257.400,0,1,0
4046,4.819,207.512,0,1,0
4047,2.498,400.320,0,1,0
4048,5.291,189.000,0,1,0
4049,2.729,366.435,0,1,0
4050,2.682,372.856,0,1,0
4051,3.781,264.480,0,1,0
4052,2.952,338.753,0,1,0
4053,5.590,178.891,0,1,0
4054,2.835,352.734,0,1,0
4055,4.523,221.092,0,1,0
4056,4.008,249.501,0,1,0
4057,3.847,259.943,0,1,0
4058,4.013,249.190,0,1,0
4059,3.590,278.552,0,1,0
4060,3.803,262.950,0,1,0
4061,2.786,358.938,0,1,0
4062,2.375,421.053,0,1,0
4063,3.775,264.901,0,1,0
4064,2.612,382.848,0,1,0
4065,2.602,384.320,0,1,0
4066,2.118,472.144,0,1,0
4067,2.425,412.371,0,1,0
4068,5.766,173.430,0,1,0
4069,2.915,343.053,0,1,0
4070,4.309,232.072,0,1,0
4071,4.032,248.016,0,1,0
4072,4.177,239.406,0,1,0
4073,3.381,295.770,0,1,0
4074,3.792,263.713,0,1,0
4075,3.505,285.307,0,1,0
4076,4.718,211.954,0,1,0
4077,3.184,314.070,0,1,0
4078,3.205,312.012,0,1,0
4079,3.483,287.109,0,1,0
4080,3.836,260.688,0,1,0
4081,2.984,335.121,0,1,0
4082,4.935,202.634,0,1,0
4083,2.887,346.380,0,1,0
4084,4.346,230.097,0,1,0
4085,4.082,244.978,0,1,0
4086,3.479,287.439,0,1,0
4087,3.998,250.125,0,1,0
4088,4.413,226.603,0,1,0
4089,3.891,257.003,0,1,0
4090,3.666,272.777,0,1,0
4091,2.837,352.485,0,1,0
4092,4.782,209.118,0,1,0
4093,3.735,267.738,0,1,0
4094,3.900,256.410,0,1,0
4095,3.724,268.528,0,1,0
4096,5.557,179.953,0,1,0
4097,2.789,358.551,0,1,0
4098,4.513,221.582,0,1,0
4099,2.890,346.021,0,1,0
4100,2.392,418.060,0,1,0
4101,2.843,351.741,0,1,0
4102,3.444,290.360,0,1,0
4103,3.838,260.552,0,1,0
4104,3.586,278.862,0,1,0
4105,3.827,261.301,0,1,0
4106,3.325,300.752,0,1,0
4107,2.294,435.920,0,1,0
4108,1.963,509.424,0,1,0
4109,3.571,280.034,0,1,0
4110,3.913,255.558,0,1,0
4111,3.151,317.360,0,1,0
4112,2.545,392.927,0,1,0
4113,1.939,515.730,0,1,0
4114,2.341,427.168,0,1,0
4115,3.345,298.954,0,1,0
4116,2.768,361.272,0,1,0
4117,4.329,231.000,0,1,0
4118,3.060,326.797,0,1,0
4119,3.490,286.533,0,1,0
4120,2.907,343.997,0,1,0
4121,2.871,348.311,0,1,0
4122,3.688,271.150,0,1,0
4123,3.970,251.889,0,1,0
4124,3.873,258.198,0,1,0
4125,3.715,269.179,0,1,0
4126,3.189,313.578,0,1,0
4127,3.716,269.107,0,1,0
4128,3.323,300.933,0,1,0
4129,2.986,334.896,0,1,0
4130,5.682,175.994,0,1,0
4131,3.305,302.572,0,1,0
4132,3.258,306.937,0,1,0
4133,2.474,404.204,0,1,0
4134,3.415,292.826,0,1,0
4135,3.007,332.557,0,1,0
4136,3.853,259.538,0,1,0
4137,2.939,340.252,0,1,0
4138,5.757,173.702,0,1,0
4139,4.322,231.374,0,1,0
4140,4.226,236.630,0,1,0
4141,4.116,242.954,0,1,0
4142,4.336,230.627,0,1,0
4143,4.615,216.685,0,1,0
4144,3.321,301.114,0,1,0
4145,2.132,469.043,0,1,0
4146,2.141,467.071,0,1,0
4147,4.507,221.877,0,1,0
4148,2.346,426.257,0,1,0
4149,4.111,243.250,0,1,0
4150,2.632,379.939,0,1,0
4151,3.007,332.557,0,1,0
4152,2.515,397.614,0,1,0
4153,3.159,316.556,0,1,0
4154,3.042,328.731,0,1,0
4155,1.877,532.765,0,1,0
4156,2.979,335.683,0,1,0
4157,1.951,512.558,0,1,0
4158,3.966,252.143,0,1,0
4159,3.469,288.268,0,1,0
4160,3.043,328.623,0,1,0
4161,3.333,300.030,0,1,0
4162,3.414,292.912,0,1,0
4163,2.771,360.881,0,1,0
4164,4.048,247.036,0,1,0
4165,3.156,316.857,0,1,0
4166,3.454,289.519,0,1,0
4167,3.728,268.240,0,1,0
4168,3.111,321.440,0,1,0
4169,3.061,326.691,0,1,0
4170,2.652,377.074,0,1,0
4171,3.145,317.965,0,1,0
4172,2.118,472.144,0,1,0
4173,2.041,489.956,0,1,0
4174,3.040,328.947,0,1,0
4175,3.153,317.158,0,1,0
4176,2.945,339.559,0,1,0
4177,3.067,326.052,0,1,0
4178,2.895,345.423,0,1,0
4179,2.533,394.789,0,1,0
4180,2.516,397.456,0,1,0
4181,2.064,484.496,0,1,0
4182,2.331,429.000,0,1,0
4183,3.556,281.215,0,1,0
4184,2.482,402.901,0,1,0
4185,2.878,347.464,0,1,0
4186,2.626,380.807,0,1,0
4187,3.348,298.686,0,1,0
4188,2.546,392.773,0,1,0
4189,3.039,329.056,0,1,0
4190,2.827,353.732,0,1,0
4191,2.285,437.637,0,1,0
4192,3.648,274.123,0,1,0
4193,2.500,400.000,0,1,0
4194,3.226,309.981,0,1,0
4195,3.628,275.634,0,1,0
4196,3.860,259.067,0,1,0
4197,3.431,291.460,0,1,0
4198,2.993,334.113,0,1,0
4199,3.486,286.862,0,1,0
4200,2.875,347.826,0,1,0
4201,3.337,299.670,0,1,0
4202,2.344,426.621,0,1,0
4203,2.382,419.815,0,1,0
4204,1.605,623.053,0,1,0
4205,3.238,308.833,0,1,0
4206,3.599,277.855,0,1,0
4207,4.027,248.324,0,1,0
4208,2.974,336.247,0,1,0
4209,3.516,284.414,0,1,0
4210,2.470,404.858,0,1,0
4211,2.828,353.607,0,1,0
4212,1.871,534.474,0,1,0
4213,2.177,459.348,0,1,0
4214,3.197,312.793,0,1,0
4215,2.971,336.587,0,1,0
4216,2.098,476.644,0,1,0
4217,4.046,247.158,0,1,0
4218,1.836,544.662,0,1,0
4219,2.340,427.350,0,1,0
4220,3.226,309.981,0,1,0
4221,2.471,404.694,0,1,0
4222,2.944,339.674,0,1,0
4223,2.672,374.251,0,1,0
4224,3.207,311.818,0,1,0
4225,3.885,257.400,0,1,0
4226,2.645,378.072,0,1,0
4227,3.847,259.943,0,1,0
4228,1.919,521.105,0,1,0
4229,3.052,327.654,0,1,0
4230,1.604,623.441,0,1,0
4231,2.490,401.606,0,1,0
4232,2.457,407.000,0,1,0
4233,1.932,517.598,0,1,0
4234,2.311,432.713,0,1,0
4235,2.671,374.392,0,1,0
4236,2.095,477.327,0,1,0
4237,2.812,355.619,0,1,0
4238,2.320,431.034,0,1,0
4239,2.336,428.082,0,1,0
4240,3.464,288.684,0,1,0
4241,2.904,344.353,0,1,0
4242,2.312,432.526,0,1,0
4243,3.232,309.406,0,1,0
4244,2.492,401.284,0,1,0
4245,2.539,393.856,0,1,0
4246,1.537,650.618,0,1,0
4247,2.983,335.233,0,1,0
4248,2.639,378.931,0,1,0
4249,3.531,283.206,0,1,0
4250,3.431,291.460,0,1,0
4251,3.378,296.033,0,1,0
4252,2.987,334.784,0,1,0
4253,2.561,390.472,0,1,0
4254,2.696,370.920,0,1,0
4255,2.255,443.459,0,1,0
4256,2.032,492.126,0,1,0
4257,2.033,491.884,0,1,0
4258,2.797,357.526,0,1,0
4259,2.289,436.872,0,1,0
4260,2.165,461.894,0,1,0
4261,2.515,397.614,0,1,0
4262,2.802,356.888,0,1,0
4263,3.719,268.889,0,1,0
4264,3.236,309.023,0,1,0
4265,2.189,456.830,0,1,0
4266,4.544,220.070,0,1,0
4267,2.112,473.485,0,1,0
4268,3.501,285.633,0,1,0
4269,2.477,403.714,0,1,0
4270,1.932,517.598,0,1,0
4271,2.567,389.560,0,1,0
4272,3.360,297.619,0,1,0
4273,1.695,589.971,0,1,0
4274,2.687,372.162,0,1,0
4275,2.034,491.642,0,1,0
4276,3.082,324.465,0,1,0
4277,3.450,289.855,0,1,0
4278,3.194,313.087,0,1,0
4279,2.648,377.644,0,1,0
4280,3.978,251.383,0,1,0
4281,2.942,339.905,0,1,0
4282,3.498,285.878,0,1,0
4283,2.268,440.917,0,1,0
4284,2.889,346.141,0,1,0
4285,3.804,262.881,0,1,0
4286,3.220,310.559,0,1,0
4287,2.039,490.436,0,1,0
4288,2.868,348.675,0,1,0
4289,2.142,466.853,0,1,0
4290,3.922,254.972,0,1,0
4291,2.782,359.454,0,1,0
4292,4.209,237.586,0,1,0
4293,3.133,319.183,0,1,0
4294,4.097,244.081,0,1,0
4295,2.356,424.448,0,1,0
4296,3.541,282.406,0,1,0
4297,3.249,307.787,0,1,0
4298,2.131,469.263,0,1,0
4299,3.849,259.808,0,1,0
4300,2.388,418.760,0,1,0
4301,2.736,365.497,0,1,0
4302,2.163,462.321,0,1,0
4303,1.843,542.594,0,1,0
4304,1.952,512.295,0,1,0
4305,3.033,329.707,0,1,0
4306,2.593,385.654,0,1,0
4307,2.981,335.458,0,1,0
4308,3.118,320.718,0,1,0
4309,3.961,252.461,0,1,0
4310,2.787,358.809,0,1,0
4311,2.717,368.053,0,1,0
4312,3.226,309.981,0,1,0
4313,3.512,284.738,0,1,0
4314,2.371,421.763,0,1,0
4315,2.944,339.674,0,1,0
4316,4.226,236.630,0,1,0
4317,2.410,414.938,0,1,0
4318,2.445,408.998,0,1,0
4319,2.256,443.262,0,1,0
4320,3.721,268.745,0,1,0
4321,2.672,374.251,0,1,0
4322,4.008,249.501,0,1,0
4323,2.240,446.429,0,1,0
4324,3.694,270.709,0,1,0
4325,2.534,394.633,0,1,0
4326,3.589,278.629,0,1,0
4327,2.058,485.909,0,1,0
4328,2.458,406.835,0,1,0
4329,2.445,408.998,0,1,0
4330,2.905,344.234,0,1,0
4331,2.353,424.989,0,1,0
4332,2.280,438.596,0,1,0
4333,3.857,259.269,0,1,0
4334,1.964,509.165,0,1,0
4335,2.012,497.018,0,1,0
4336,2.606,383.730,0,1,0
4337,3.782,264.410,0,1,0
4338,2.048,488.281,0,1,0
4339,1.935,516.796,0,1,0
4340,2.759,362.450,0,1,0
4341,2.258,442.870,0,1,0
4342,2.566,389.712,0,1,0
4343,2.892,345.781,0,1,0
4344,3.133,319.183,0,1,0
4345,1.948,513.347,0,1,0
4346,1.861,537.346,0,1,0
4347,3.569,280.191,0,1,0
4348,3.374,296.384,0,1,0
4349,3.149,317.561,0,1,0
4350,2.705,369.686,0,1,0
4351,2.764,361.795,0,1,0
4352,3.666,272.777,0,1,0
4353,3.422,292.227,0,1,0
4354,2.652,377.074,0,1,0
4355,2.326,429.923,0,1,0
4356,2.641,378.644,0,1,0
4357,2.200,454.545,0,1,0
4358,2.175,459.770,0,1,0
4359,3.120,320.513,0,1,0
4360,1.775,563.380,0,1,0
4361,2.711,368.868,0,1,0
4362,2.550,392.157,0,1,0
4363,1.854,539.374,0,1,0
4364,2.662,375.657,0,1,0
4365,1.544,647.668,0,1,0
4366,2.348,425.894,0,1,0
4367,1.859,537.924,0,1,0
4368,3.279,304.971,0,1,0
4369,2.788,358.680,0,1,0
4370,3.522,283.930,0,1,0
4371,2.378,420.521,0,1,0
4372,4.036,247.770,0,1,0
4373,2.485,402.414,0,1,0
4374,1.966,508.647,0,1,0
4375,2.868,348.675,0,1,0
4376,2.898,345.066,0,1,0
4377,4.203,237.925,0,1,0
4378,2.190,456.621,0,1,0
4379,3.155,316.957,0,1,0
4380,2.697,370.782,0,1,0
4381,3.131,319.387,0,1,0
4382,3.747,266.880,0,1,0
4383,2.128,469.925,0,1,0
4384,2.678,373.413,0,1,0
4385,1.959,510.465,0,1,0
4386,2.275,439.560,0,1,0
4387,2.690,371.747,0,1,0
4388,2.625,380.952,0,1,0
4389,1.954,511.771,0,1,0
4390,2.191,456.413,0,1,0
4391,4.014,249.128,0,1,0
4392,3.171,315.358,0,1,0
4393,3.654,273.673,0,1,0
4394,2.338,427.716,0,1,0
4395,3.889,257.136,0,1,0
4396,2.098,476.644,0,1,0
4397,3.358,297.796,0,1,0
4398,3.740,267.380,0,1,0
4399,3.450,289.855,0,1,0
4400,3.156,316.857,0,1,0
4401,3.265,306.279,0,1,0
4402,2.787,358.809,0,1,0
4403,2.909,343.761,0,1,0
4404,2.689,371.885,0,1,0
4405,1.699,588.582,0,1,0
4406,2.720,367.647,0,1,0
4407,3.550,281.690,0,1,0
4408,4.246,235.516,0,1,0
4409,3.150,317.460,0,1,0
4410,3.166,315.856,0,1,0
4411,2.382,419.815,0,1,0
4412,2.882,346.981,0,1,0
4413,2.580,387.597,0,1,0
4414,2.998,333.556,0,1,0
4415,2.611,382.995,0,1,0
4416,2.310,432.900,0,1,0
4417,3.410,293.255,0,1,0
4418,3.557,281.136,0,1,0
4419,2.348,425.894,0,1,0
4420,2.961,337.724,0,1,0
4421,2.797,357.526,0,1,0
4422,2.581,387.447,0,1,0
4423,3.347,298.775,0,1,0
4424,2.540,393.701,0,1,0
4425,2.166,461.681,0,1,0
4426,3.105,322.061,0,1,0
4427,1.725,579.710,0,1,0
4428,2.244,445.633,0,1,0
4429,3.462,288.850,0,1,0
4430,2.003,499.251,0,1,0
4431,2.341,427.168,0,1,0
4432,2.775,360.360,0,1,0
4433,2.783,359.324,0,1,0
4434,2.415,414.079,0,1,0
4435,2.365,422.833,0,1,0
4436,2.913,343.289,0,1,0
4437,2.466,405.515,0,1,0
4438,2.476,403.877,0,1,0
4439,2.461,406.339,0,1,0
4440,2.556,391.236,0,1,0
4441,2.405,415.800,0,1,0
4442,2.368,422.297,0,1,0
4443,2.538,394.011,0,1,0
4444,2.360,423.729,0,1,0
4445,4.550,219.780,0,1,0
4446,4.031,248.077,0,1,0
4447,4.580,218.341,0,1,0
4448,3.328,300.481,0,1,0
4449,6.050,165.289,0,1,0
4450,3.948,253.293,0,1,0
4451,3.364,297.265,0,1,0
4452,2.590,386.100,0,1,0
4453,2.879,347.343,0,1,0
4454,3.462,288.850,0,1,0
4455,3.563,280.662,0,1,0
4456,3.949,253.229,0,1,0
4457,3.341,299.312,0,1,0
4458,3.579,279.408,0,1,0
4459,3.369,296.824,0,1,0
4460,4.195,238.379,0,1,0
4461,3.259,306.843,0,1,0
4462,5.435,183.993,0,1,0
4463,4.074,245.459,0,1,0
4464,5.359,186.602,0,1,0
4465,2.661,375.799,0,1,0
4466,5.527,180.930,0,1,0
4467,3.666,272.777,0,1,0
4468,4.805,208.117,0,1,0
4469,3.888,257.202,0,1,0
4470,5.102,196.002,0,1,0
4471,4.647,215.193,0,1,0
4472,5.369,186.254,0,1,0
4473,4.508,221.828,0,1,0
4474,5.198,192.382,0,1,0
4475,3.284,304.507,0,1,0
4476,3.731,268.025,0,1,0
4477,3.698,270.416,0,1,0
4478,5.518,181.225,0,1,0
4479,3.688,271.150,0,1,0
4480,4.222,236.855,0,1,0
4481,5.146,194.326,0,1,0
4482,2.867,348.797,0,1,0
4483,2.133,468.823,0,1,0
4484,2.994,334.001,0,1,0
4485,2.980,335.570,0,1,0
4486,3.284,304.507,0,1,0
4487,3.240,308.642,0,1,0
4488,2.346,426.257,0,1,0
4489,2.717,368.053,0,1,0
4490,2.734,365.764,0,1,0
4491,3.152,317.259,0,1,0
4492,1.947,513.611,0,1,0
4493,3.532,283.126,0,1,0
4494,4.179,239.292,0,1,0
4495,2.983,335.233,0,1,0
4496,3.568,280.269,0,1,0
4497,3.344,299.043,0,1,0
4498,4.054,246.670,0,1,0
4499,3.136,318.878,0,1,0
4500,4.041,247.463,0,1,0
4501,2.223,449.843,0,1,0
4502,3.960,252.525,0,1,0
4503,2.757,362.713,0,1,0
4504,5.098,196.155,0,1,0
4505,2.797,357.526,0,1,0
4506,3.473,287.936,0,1,0
4507,2.766,361.533,0,1,0
4508,3.758,266.099,0,1,0
4509,3.890,257.069,0,1,0
4510,2.652,377.074,0,1,0
4511,3.000,333.333,0,1,0
4512,3.208,311.721,0,1,0
4513,5.173,193.311,0,1,0
4514,4.759,210.128,0,1,0
4515,5.119,195.351,0,1,0
4516,3.001,333.222,0,1,0
4517,6.300,158.730,0,1,0
4518,5.722,174.764,0,1,0
4519,3.277,305.157,0,1,0
4520,4.171,239.751,0,1,0
4521,3.671,272.405,0,1,0
4522,5.396,185.322,0,1,0
4523,4.840,206.612,0,1,0
4524,5.677,176.149,0,1,0
4525,2.452,407.830,0,1,0
4526,5.825,171.674,0,1,0
4527,6.083,164.393,0,1,0
4528,5.722,174.764,0,1,0
4529,3.635,275.103,0,1,0
4530,5.737,174.307,0,1,0
4531,2.892,345.781,0,1,0
4532,4.603,217.250,0,1,0
4533,3.987,250.815,0,1,0
4534,5.192,192.604,0,1,0
4535,4.323,231.321,0,1,0
4536,5.083,196.734,0,1,0
4537,4.600,217.391,0,1,0
4538,5.601,178.540,0,1,0
4539,5.178,193.125,0,1,0
4540,3.914,255.493,0,1,0
4541,4.954,201.857,0,1,0
4542,4.187,238.834,0,1,0
4543,5.409,184.877,0,1,0
4544,3.674,272.183,0,1,0
4545,4.773,209.512,0,1,0
4546,5.515,181.324,0,1,0
4547,5.940,168.350,0,1,0
4548,4.151,240.906,0,1,0
4549,4.425,225.989,0,1,0
4550,4.472,223.614,0,1,0
4551,4.311,231.965,0,1,0
4552,5.464,183.016,0,1,0
4553,4.574,218.627,0,1,0
4554,5.046,198.177,0,1,0
4555,5.565,179.695,0,1,0
4556,5.583,179.115,0,1,0
4557,3.885,257.400,0,1,0
4558,4.268,234.302,0,1,0
4559,4.680,213.675,0,1,0
4560,5.147,194.288,0,1,0
4561,4.143,241.371,0,1,0
4562,4.305,232.288,0,1,0
4563,3.629,275.558,0,1,0
4564,3.997,250.188,0,1,0
4565,3.452,289.687,0,1,0
4566,3.812,262.329,0,1,0
4567,1.828,547.046,0,1,0
4568,3.405,293.686,0,1,0
4569,3.839,260.485,0,1,0
4570,2.350,425.532,0,1,0
4571,4.784,209.030,0,1,0
4572,2.876,347.705,0,1,0
4573,2.852,350.631,0,1,0
4574,4.216,237.192,0,1,0
4575,4.075,245.399,0,1,0
4576,3.057,327.118,0,1,0
4577,3.798,263.296,0,1,0
4578,4.162,240.269,0,1,0
4579,3.689,271.076,0,1,0
4580,4.096,244.141,0,1,0
4581,3.872,258.264,0,1,0
4582,4.645,215.285,0,1,0
4583,3.086,324.044,0,1,0
4584,3.502,285.551,0,1,0
4585,4.785,208.986,0,1,0
4586,4.853,206.058,0,1,0
4587,4.876,205.086,0,1,0
4588,4.687,213.356,0,1,0
4589,4.019,248.818,0,1,0
4590,4.037,247.709,0,1,0
4591,2.946,339.443,0,1,0
4592,3.511,284.819,0,1,0
4593,4.055,246.609,0,1,0
4594,3.293,303.674,0,1,0
4595,2.847,351.247,0,1,0
4596,3.912,255.624,0,1,0
4597,3.143,318.167,0,1,0
4598,3.993,250.438,0,1,0
4599,3.101,322.477,0,1,0
4600,3.627,275.710,0,1,0
4601,3.173,315.159,0,1,0
4602,4.544,220.070,0,1,0
4603,3.525,283.688,0,1,0
4604,3.056,327.225,0,1,0
4605,2.974,336.247,0,1,0
4606,2.853,350.508,0,1,0
4607,2.559,390.778,0,1,0
4608,3.610,277.008,0,1,0
4609,3.619,276.319,0,1,0
4610,3.142,318.269,0,1,0
4611,4.909,203.707,0,1,0
4612,3.364,297.265,0,1,0
4613,3.775,264.901,0,1,0
4614,4.359,229.410,0,1,0
4615,3.278,305.064,0,1,0
4616,3.473,287.936,0,1,0
4617,4.450,224.719,0,1,0
4618,3.420,292.398,0,1,0
4619,2.651,377.216,0,1,0
4620,3.061,326.691,0,1,0
4621,5.524,181.028,0,1,0
4622,3.617,276.472,0,1,0
4623,4.768,209.732,0,1,0
4624,3.030,330.033,0,1,0
4625,2.693,371.333,0,1,0
4626,3.651,273.898,0,1,0
4627,3.333,300.030,0,1,0
4628,4.712,212.224,0,1,0
4629,3.387,295.247,0,1,0
4630,4.506,221.926,0,1,0
4631,3.402,293.945,0,1,0
4632,3.147,317.763,0,1,0
4633,3.790,263.852,0,1,0
4634,2.772,360.750,0,1,0
4635,2.867,348.797,0,1,0
4636,2.987,334.784,0,1,0
4637,4.247,235.460,0,1,0
4638,3.462,288.850,0,1,0
4639,3.772,265.111,0,1,0
4640,7.620,131.234,0,1,0
4641,5.728,174.581,0,1,0
4642,4.012,249.252,0,1,0
4643,5.748,173.974,0,1,0
4644,2.720,367.647,0,1,0
4645,3.271,305.717,0,1,0
4646,2.950,338.983,0,1,0
4647,4.228,236.518,0,1,0
4648,2.628,380.518,0,1,0
4649,3.332,300.120,0,1,0
4650,4.553,219.635,0,1,0
4651,2.246,445.236,0,1,0
4652,1.908,524.109,0,1,0
4653,3.306,302.480,0,1,0
4654,3.877,257.931,0,1,0
4655,2.851,350.754,0,1,0
4656,5.206,192.086,0,1,0
4657,1.701,587.889,0,1,0
4658,2.295,435.730,0,1,0
4659,2.817,354.988,0,1,0
4660,2.182,458.295,0,1,0
4661,4.834,206.868,0,1,0
4662,3.651,273.898,0,1,0
4663,4.213,237.361,0,1,0
4664,2.301,434.594,0,1,0
4665,2.479,403.388,0,1,0
4666,4.152,240.848,0,1,0
4667,2.523,396.354,0,1,0
4668,2.773,360.620,0,1,0
4669,2.712,368.732,0,1,0
4670,2.836,352.609,0,1,0
4671,2.558,390.930,0,1,0
4672,2.002,499.500,0,1,0
4673,3.368,296.912,0,1,0
4674,3.642,274.574,0,1,0
4675,3.778,264.690,0,1,0
4676,4.001,249.938,0,1,0
4677,3.706,269.833,0,1,0
4678,3.995,250.313,0,1,0
4679,3.019,331.236,0,1,0
4680,3.384,295.508,0,1,0
4681,3.268,305.998,0,1,0
4682,3.849,259.808,0,1,0
4683,2.475,404.040,0,1,0
4684,3.979,251.319,0,1,0
4685,3.168,315.657,0,1,0
4686,1.946,513.875,0,1,0
4687,3.141,318.370,0,1,0
4688,3.269,305.904,0,1,0
4689,3.298,303.214,0,1,0
4690,4.423,226.091,0,1,0
4691,2.864,349.162,0,1,0
4692,3.605,277.393,0,1,0
4693,4.282,233.536,0,1,0
4694,2.938,340.368,0,1,0
4695,3.933,254.259,0,1,0
4696,3.256,307.125,0,1,0
4697,3.401,294.031,0,1,0
4698,2.102,475.737,0,1,0
4699,2.861,349.528,0,1,0
4700,2.326,429.923,0,1,0
4701,1.799,555.864,0,1,0
4702,2.666,375.094,0,1,0
4703,3.509,284.981,0,1,0
4704,2.504,399.361,0,1,0
4705,3.056,327.225,0,1,0
4706,2.714,368.460,0,1,0
4707,4.002,249.875,0,1,0
4708,3.020,331.126,0,1,0
4709,3.976,251.509,0,1,0
4710,3.713,269.324,0,1,0
4711,5.722,174.764,0,1,0
4712,4.222,236.855,0,1,0
4713,5.361,186.532,0,1,0
4714,3.723,268.601,0,1,0
4715,4.966,201.369,0,1,0
4716,5.294,188.893,0,1,0
4717,3.040,328.947,0,1,0
4718,3.780,264.550,0,1,0
4719,3.681,271.665,0,1,0
4720,4.593,217.723,0,1,0
4721,4.218,237.079,0,1,0
4722,3.460,289.017,0,1,0
4723,3.686,271.297,0,1,0
4724,5.111,195.656,0,1,0
4725,3.690,271.003,0,1,0
4726,5.596,178.699,0,1,0
4727,3.514,284.576,0,1,0
4728,3.869,258.465,0,1,0
4729,3.778,264.690,0,1,0
4730,4.843,206.484,0,1,0
4731,3.124,320.102,0,1,0
4732,2.732,366.032,0,1,0
4733,3.529,283.366,0,1,0
4734,4.993,200.280,0,1,0
4735,3.227,309.885,0,1,0
4736,4.304,232.342,0,1,0
4737,6.034,165.728,0,1,0
4738,4.406,226.963,0,1,0
4739,5.112,195.618,0,1,0
4740,4.004,249.750,0,1,0
4741,4.549,219.829,0,1,0
4742,3.816,262.055,0,1,0
4743,4.365,229.095,0,1,0
4744,4.025,248.447,0,1,0
4745,4.967,201.329,0,1,0
4746,3.720,268.817,0,1,0
4747,5.037,198.531,0,1,0
4748,3.052,327.654,0,1,0
4749,4.084,244.858,0,1,0
4750,3.922,254.972,0,1,0
4751,4.223,236.798,0,1,0
4752,4.223,236.798,0,1,0
4753,3.906,256.016,0,1,0
4754,4.290,233.100,0,1,0
4755,3.526,283.607,0,1,0
4756,3.925,254.777,0,1,0
4757,4.233,236.239,0,1,0
4758,3.434,291.206,0,1,0
4759,2.981,335.458,0,1,0
4760,2.080,480.769,0,1,0
4761,2.896,345.304,0,1,0
4762,2.479,403.388,0,1,0
4763,1.916,521.921,0,1,0
4764,2.612,382.848,0,1,0
4765,2.466,405.515,0,1,0
4766,3.812,262.329,0,1,0
4767,3.046,328.299,0,1,0
4768,4.595,217.628,0,1,0
4769,4.767,209.776,0,1,0
4770,5.192,192.604,0,1,0
4771,3.161,316.356,0,1,0
4772,2.762,362.056,0,1,0
4773,2.952,338.753,0,1,0
4774,4.334,230.734,0,1,0
4775,2.955,338.409,0,1,0
4776,2.753,363.240,0,1,0
4777,2.912,343.407,0,1,0
4778,3.314,301.750,0,1,0
4779,4.528,220.848,0,1,0
4780,2.718,367.918,0,1,0
4781,4.138,241.663,0,1,0
4782,2.493,401.123,0,1,0
4783,3.486,286.862,0,1,0
4784,3.825,261.438,0,1,0
4785,2.635,379.507,0,1,0
4786,2.285,437.637,0,1,0
4787,2.474,404.204,0,1,0
4788,2.658,376.223,0,1,0
4789,3.838,260.552,0,1,0
4790,3.328,300.481,0,1,0
4791,4.111,243.250,0,1,0
4792,3.302,302.847,0,1,0
4793,2.809,355.999,0,1,0
4794,2.798,357.398,0,1,0
4795,2.482,402.901,0,1,0
4796,2.399,416.840,0,1,0
4797,2.021,494.805,0,1,0
4798,1.759,568.505,0,1,0
4799,3.932,254.323,0,1,0
4800,3.078,324.886,0,1,0
4801,2.823,354.233,0,1,0
4802,3.128,319.693,0,1,0
4803,3.078,324.886,0,1,0
4804,4.335,230.681,0,1,0
4805,3.887,257.268,0,1,0
4806,2.341,427.168,0,1,0
4807,2.319,431.220,0,1,0
4808,2.533,394.789,0,1,0
4809,4.927,202.963,0,1,0
4810,2.580,387.597,0,1,0
4811,3.193,313.185,0,1,0
4812,2.579,387.747,0,1,0
4813,2.404,415.973,0,1,0
4814,2.506,399.042,0,1,0
4815,2.457,407.000,0,1,0
4816,3.043,328.623,0,1,0
4817,2.692,371.471,0,1,0
4818,3.455,289.436,0,1,0
4819,3.317,301.477,0,1,0
4820,2.923,342.114,0,1,0
4821,2.578,387.898,0,1,0
4822,5.421,184.468,0,1,0
4823,2.242,446.030,0,1,0
4824,2.497,400.481,0,1,0
4825,4.174,239.578,0,1,0
4826,2.062,484.966,0,1,0
4827,3.370,296.736,0,1,0
4828,3.354,298.151,0,1,0
4829,2.674,373.972,0,1,0
4830,3.911,255.689,0,1,0
4831,2.178,459.137,0,1,0
4832,2.537,394.166,0,1,0
4833,3.792,263.713,0,1,0
4834,2.504,399.361,0,1,0
4835,4.128,242.248,0,1,0
4836,3.161,316.356,0,1,0
4837,3.469,288.268,0,1,0
4838,3.544,282.167,0,1,0
4839,3.715,269.179,0,1,0
4840,5.586,179.019,0,1,0
4841,3.224,310.174,0,1,0
4842,4.215,237.248,0,1,0
4843,3.154,317.058,0,1,0
4844,5.031,198.768,0,1,0
4845,3.396,294.464,0,1,0
4846,4.098,244.021,0,1,0
4847,3.481,287.274,0,1,0
4848,3.635,275.103,0,1,0
4849,3.029,330.142,0,1,0
4850,4.241,235.793,0,1,0
4851,2.563,390.168,0,1,0
4852,3.405,293.686,0,1,0
4853,2.409,415.110,0,1,0
4854,3.396,294.464,0,1,0
4855,2.227,449.035,0,1,0
4856,4.592,217.770,0,1,0
4857,2.550,392.157,0,1,0
4858,3.259,306.843,0,1,0
4859,4.135,241.838,0,1,0
4860,3.302,302.847,0,1,0
4861,3.603,277.546,0,1,0
4862,3.102,322.373,0,1,0
4863,4.678,213.767,0,1,0
4864,2.849,351.000,0,1,0
4865,4.716,212.044,0,1,0
4866,2.988,334.672,0,1,0
4867,2.781,359.583,0,1,0
4868,2.994,334.001,0,1,0
4869,3.127,319.795,0,1,0
4870,4.380,228.311,0,1,0
4871,3.329,300.391,0,1,0
4872,3.139,318.573,0,1,0
4873,4.420,226.244,0,1,0
4874,3.203,312.207,0,1,0
4875,2.172,460.405,0,1,0
4876,2.650,377.358,0,1,0
4877,3.380,295.858,0,1,0
4878,3.108,321.750,0,1,0
4879,3.119,320.616,0,1,0
4880,5.015,199.402,0,1,0
4881,3.998,250.125,0,1,0
4882,3.620,276.243,0,1,0
4883,4.431,225.683,0,1,0
4884,3.654,273.673,0,1,0
4885,3.192,313.283,0,1,0
4886,3.052,327.654,0,1,0
4887,2.817,354.988,0,1,0
4888,5.138,194.628,0,1,0
4889,2.686,372.301,0,1,0
4890,5.019,199.243,0,1,0
4891,2.945,339.559,0,1,0
4892,5.367,186.324,0,1,0
4893,2.183,458.085,0,1,0
4894,5.393,185.426,0,1,0
4895,3.439,290.782,0,1,0
4896,3.029,330.142,0,1,0
4897,4.252,235.183,0,1,0
4898,4.490,222.717,0,1,0
4899,4.598,217.486,0,1,0
4900,3.519,284.172,0,1,0
4901,5.921,168.890,0,1,0
4902,3.139,318.573,0,1,0
4903,2.757,362.713,0,1,0
4904,4.369,228.885,0,1,0
4905,5.137,194.666,0,1,0
4906,5.163,193.686,0,1,0
4907,4.605,217.155,0,1,0
4908,2.549,392.311,0,1,0
4909,5.898,169.549,0,1,0
4910,3.814,262.192,0,1,0
4911,3.564,280.584,0,1,0
4912,2.860,349.650,0,1,0
4913,4.349,229.938,0,1,0
4914,3.301,302.939,0,1,0
4915,3.836,260.688,0,1,0
4916,4.146,241.196,0,1,0
4917,2.503,399.521,0,1,0
4918,2.225,449.438,0,1,0
4919,3.222,310.366,0,1,0
4920,2.997,333.667,0,1,0
4921,4.354,229.674,0,1,0
4922,3.218,310.752,0,1,0
4923,3.208,311.721,0,1,0
4924,3.821,261.712,0,1,0
4925,3.301,302.939,0,1,0
4926,2.757,362.713,0,1,0
4927,2.809,355.999,0,1,0
4928,3.548,281.849,0,1,0
4929,1.458,685.871,0,1,0
4930,3.045,328.407,0,1,0
4931,2.030,492.611,0,1,0
4932,3.244,308.261,0,1,0
4933,1.855,539.084,0,1,0
4934,2.515,397.614,0,1,0
4935,2.710,369.004,0,1,0
4936,4.034,247.893,0,1,0
4937,3.895,256.739,0,1,0
4938,2.893,345.662,0,1,0
4939,3.483,287.109,0,1,0
4940,4.006,249.626,0,1,0
4941,4.459,224.266,0,1,0
4942,3.255,307.220,0,1,0
4943,4.133,241.955,0,1,0
4944,2.634,379.651,0,1,0
4945,3.898,256.542,0,1,0
4946,4.757,210.217,0,1,0
4947,3.782,264.410,0,1,0
4948,3.323,300.933,0,1,0
4949,3.462,288.850,0,1,0
4950,2.995,333.890,0,1,0
4951,4.862,205.677,0,1,0
4952,2.997,333.667,0,1,0
4953,5.057,197.746,0,1,0
4954,2.796,357.654,0,1,0
4955,3.972,251.762,0,1,0
4956,3.339,299.491,0,1,0
4957,3.224,310.174,0,1,0
4958,3.066,326.158,0,1,0
4959,3.777,264.760,0,1,0
4960,4.894,204.332,0,1,0
4961,3.345,298.954,0,1,0
4962,4.654,214.869,0,1,0
4963,2.661,375.799,0,1,0
4964,5.370,186.220,0,1,0
4965,2.695,371.058,0,1,0
4966,3.387,295.247,0,1,0
4967,3.706,269.833,0,1,0
4968,4.265,234.467,0,1,0
4969,3.334,299.940,0,1,0
4970,4.619,216.497,0,1,0
4971,2.542,393.391,0,1,0
4972,3.311,302.024,0,1,0
4973,4.342,230.309,0,1,0
4974,4.080,245.098,0,1,0
4975,4.090,244.499,0,1,0
4976,3.677,271.961,0,1,0
4977,3.280,304.878,0,1,0
4978,2.933,340.948,0,1,0
4979,2.832,353.107,0,1,0
4980,2.998,333.556,0,1,0
4981,2.789,358.551,0,1,0
4982,3.446,290.192,0,1,0
4983,3.478,287.522,0,1,0
4984,4.050,246.914,0,1,0
4985,3.578,279.486,0,1,0
4986,3.632,275.330,0,1,0
4987,2.498,400.320,0,1,0
4988,3.099,322.685,0,1,0
4989,3.467,288.434,0,1,0
4990,3.144,318.066,0,1,0
4991,3.307,302.389,0,1,0
4992,3.737,267.594,0,1,0
4993,4.046,247.158,0,1,0
4994,3.868,258.532,0,1,0
4995,1.598,625.782,0,1,0
4996,1.875,533.333,0,1,0
4997,4.290,233.100,0,1,0
4998,2.847,351.247,0,1,0
4999,3.951,253.100,0,1,0
5000,3.071,325.627,0,1,0
5001,3.588,278.707,0,1,0
5002,2.740,364.964,0,1,0
5003,4.273,234.028,0,1,0
5004,4.267,234.357,0,1,0
5005,2.961,337.724,0,1,0
5006,3.150,317.460,0,1,0
5007,2.767,361.402,0,1,0
5008,3.243,308.356,0,1,0
5009,3.776,264.831,0,1,0
5010,4.138,241.663,0,1,0
5011,3.490,286.533,0,1,0
5012,3.325,300.752,0,1,0
5013,2.547,392.619,0,1,0
5014,3.255,307.220,0,1,0
5015,2.570,389.105,0,1,0
5016,2.938,340.368,0,1,0
5017,3.095,323.102,0,1,0
5018,4.208,237.643,0,1,0
5019,3.631,275.406,0,1,0
5020,2.677,373.552,0,1,0
5021,3.517,284.333,0,1,0
5022,3.037,329.272,0,1,0
5023,3.145,317.965,0,1,0
5024,2.935,340.716,0,1,0
5025,4.705,212.540,0,1,0
5026,2.809,355.999,0,1,0
5027,5.547,180.278,0,1,0
5028,3.313,301.841,0,1,0
5029,3.105,322.061,0,1,0
5030,2.479,403.388,0,1,0
5031,3.597,278.009,0,1,0
5032,1.847,541.419,0,1,0
5033,2.968,336.927,0,1,0
5034,2.456,407.166,0,1,0
5035,2.503,399.521,0,1,0
5036,2.787,358.809,0,1,0
5037,3.652,273.823,0,1,0
5038,2.524,396.197,0,1,0
5039,2.757,362.713,0,1,0
5040,2.622,381.388,0,1,0
5041,3.045,328.407,0,1,0
5042,3.552,281.532,0,1,0
5043,3.601,277.701,0,1,0
5044,3.500,285.714,0,1,0
5045,3.495,286.123,0,1,0
5046,3.882,257.599,0,1,0
5047,4.149,241.022,0,1,0
5048,2.727,366.703,0,1,0
5049,3.474,287.853,0,1,0
5050,4.327,231.107,0,1,0
5051,2.519,396.983,0,1,0
5052,4.451,224.669,0,1,0
5053,2.605,383.877,0,1,0
5054,5.651,176.960,0,1,0
5055,2.267,441.112,0,1,0
5056,4.143,241.371,0,1,0
5057,4.041,247.463,0,1,0
5058,3.043,328.623,0,1,0
5059,3.115,321.027,0,1,0
5060,3.744,267.094,0,1,0
5061,3.840,260.417,0,1,0
5062,3.900,256.410,0,1,0
5063,3.445,290.276,0,1,0
5064,3.845,260.078,0,1,0
5065,4.505,221.976,0,1,0
5066,4.717,211.999,0,1,0
5067,3.023,330.797,0,1,0
5068,5.019,199.243,0,1,0
5069,2.793,358.038,0,1,0
5070,2.867,348.797,0,1,0
5071,3.423,292.141,0,1,0
5072,4.091,244.439,0,1,0
5073,3.261,306.654,0,1,0
5074,3.859,259.134,0,1,0
5075,4.842,206.526,0,1,0
5076,2.514,397.772,0,1,0
5077,4.448,224.820,0,1,0
5078,3.454,289.519,0,1,0
5079,3.611,276.932,0,1,0
5080,3.147,317.763,0,1,0
5081,3.371,296.648,0,1,0
5082,3.084,324.254,0,1,0
5083,4.034,247.893,0,1,0
5084,3.114,321.130,0,1,0
5085,4.504,222.025,0,1,0
5086,3.816,262.055,0,1,0
5087,2.980,335.570,0,1,0
5088,2.777,360.101,0,1,0
5089,3.621,276.167,0,1,0
5090,2.242,446.030,0,1,0
5091,3.247,307.977,0,1,0
5092,3.526,283.607,0,1,0
5093,3.291,303.859,0,1,0
5094,2.511,398.248,0,1,0
5095,3.539,282.566,0,1,0
5096,3.148,317.662,0,1,0
5097,2.570,389.105,0,1,0
5098,2.526,395.883,0,1,0
5099,2.871,348.311,0,1,0
5100,2.781,359.583,0,1,0
5101,2.770,361.011,0,1,0
5102,1.998,500.501,0,1,0
5103,2.862,349.406,0,1,0
5104,3.059,326.904,0,1,0
5105,3.402,293.945,0,1,0
5106,4.541,220.216,0,1,0
5107,2.996,333.778,0,1,0
5108,3.163,316.156,0,1,0
5109,3.280,304.878,0,1,0
5110,2.530,395.257,0,1,0
5111,3.635,275.103,0,1,0
5112,3.683,271.518,0,1,0
5113,3.743,267.165,0,1,0
5114,3.012,332.005,0,1,0
5115,3.558,281.057,0,1,0
5116,3.091,323.520,0,1,0
5117,2.891,345.901,0,1,0
5118,2.440,409.836,0,1,0
5119,3.758,266.099,0,1,0
5120,2.904,344.353,0,1,0
5121,2.543,393.236,0,1,0
5122,3.490,286.533,0,1,0
5123,4.278,233.754,0,1,0
5124,4.058,246.427,0,1,0
5125,3.587,278.784,0,1,0
5126,3.726,268.384,0,1,0
5127,2.903,344.471,0,1,0
5128,2.570,389.105,0,1,0
5129,4.365,229.095,0,1,0
5130,3.184,314.070,0,1,0
5131,3.336,299.760,0,1,0
5132,3.018,331.345,0,1,0
5133,3.344,299.043,0,1,0
5134,4.030,248.139,0,1,0
5135,3.953,252.972,0,1,0
5136,3.391,294.898,0,1,0
5137,5.210,191.939,0,1,0
5138,4.611,216.873,0,1,0
5139,3.380,295.858,0,1,0
5140,3.485,286.944,0,1,0
5141,3.254,307.314,0,1,0
5142,3.644,274.424,0,1,0
5143,3.990,250.627,0,1,0
5144,3.123,320.205,0,1,0
5145,3.742,267.237,0,1,0
5146,3.276,305.250,0,1,0
5147,5.063,197.511,0,1,0
5148,3.770,265.252,0,1,0
5149,3.483,287.109,0,1,0
5150,3.046,328.299,0,1,0
5151,4.632,215.889,0,1,0
5152,3.333,300.030,0,1,0
5153,3.151,317.360,0,1,0
5154,3.360,297.619,0,1,0
5155,4.459,224.266,0,1,0
5156,3.892,256.937,0,1,0
5157,4.469,223.764,0,1,0
5158,3.907,255.951,0,1,0
5159,3.465,288.600,0,1,0
5160,3.184,314.070,0,1,0
5161,3.994,250.376,0,1,0
5162,3.460,289.017,0,1,0
5163,4.165,240.096,0,1,0
5164,2.502,399.680,0,1,0
5165,3.446,290.192,0,1,0
5166,3.596,278.087,0,1,0
5167,3.452,289.687,0,1,0
5168,4.982,200.723,0,1,0
5169,3.955,252.845,0,1,0
5170,3.488,286.697,0,1,0
5171,4.524,221.043,0,1,0
5172,4.265,234.467,0,1,0
5173,2.993,334.113,0,1,0
5174,2.511,398.248,0,1,0
5175,2.313,432.339,0,1,0
5176,3.621,276.167,0,1,0
5177,2.934,340.832,0,1,0
5178,4.416,226.449,0,1,0
5179,3.529,283.366,0,1,0
5180,2.698,370.645,0,1,0
5181,3.448,290.023,0,1,0
5182,3.463,288.767,0,1,0
5183,3.300,303.030,0,1,0
5184,3.903,256.213,0,1,0
5185,2.084,479.846,0,1,0
5186,3.159,316.556,0,1,0
5187,4.573,218.675,0,1,0
5188,3.578,279.486,0,1,0
5189,4.290,233.100,0,1,0
5190,2.869,348.554,0,1,0
5191,2.984,335.121,0,1,0
5192,2.802,356.888,0,1,0
5193,2.657,376.364,0,1,0
5194,3.883,257.533,0,1,0
5195,3.435,291.121,0,1,0
5196,3.932,254.323,0,1,0
5197,3.686,271.297,0,1,0
5198,4.219,237.023,0,1,0
5199,2.994,334.001,0,1,0
5200,3.419,292.483,0,1,0
5201,1.999,500.250,0,1,0
5202,3.103,322.269,0,1,0
5203,3.894,256.805,0,1,0
5204,3.629,275.558,0,1,0
5205,1.803,554.631,0,1,0
5206,3.394,294.638,0,1,0
5207,2.823,354.233,0,1,0
5208,3.188,313.676,0,1,0
5209,2.569,389.257,0,1,0
5210,2.669,374.672,0,1,0
5211,2.220,450.450,0,1,0
5212,2.985,335.008,0,1,0
5213,3.816,262.055,0,1,0
5214,2.589,386.250,0,1,0
5215,2.775,360.360,0,1,0
5216,1.547,646.412,0,1,0
5217,2.911,343.525,0,1,0
5218,3.611,276.932,0,1,0
5219,3.671,272.405,0,1,0
5220,2.262,442.087,0,1,0
5221,3.363,297.354,0,1,0
5222,2.221,450.248,0,1,0
5223,2.889,346.141,0,1,0
5224,2.285,437.637,0,1,0
5225,3.111,321.440,0,1,0
5226,3.194,313.087,0,1,0
5227,2.245,445.434,0,1,0
5228,3.007,332.557,0,1,0
5229,2.236,447.227,0,1,0
5230,3.176,314.861,0,1,0
5231,3.887,257.268,0,1,0
5232,2.606,383.730,0,1,0
5233,4.303,232.396,0,1,0
5234,4.461,224.165,0,1,0
5235,3.745,267.023,0,1,0
5236,4.019,248.818,0,1,0
5237,2.271,440.335,0,1,0
5238,3.623,276.014,0,1,0
5239,2.531,395.101,0,1,0
5240,3.904,256.148,0,1,0
5241,2.938,340.368,0,1,0
5242,4.463,224.065,0,1,0
5243,2.376,420.875,0,1,0
5244,5.398,185.254,0,1,0
5245,3.137,318.776,0,1,0
5246,4.015,249.066,0,1,0
5247,3.645,274.348,0,1,0
5248,4.964,201.450,0,1,0
5249,3.937,254.001,0,1,0
5250,3.014,331.785,0,1,0
5251,3.533,283.046,0,1,0
5252,2.888,346.260,0,1,0
5253,2.214,451.671,0,1,0
5254,3.116,320.924,0,1,0
5255,4.244,235.627,0,1,0
5256,3.440,290.698,0,1,0
5257,3.122,320.307,0,1,0
5258,3.932,254.323,0,1,0
5259,3.300,303.030,0,1,0
5260,4.564,219.106,0,1,0
5261,3.515,284.495,0,1,0
5262,2.906,344.116,0,1,0
5263,4.957,201.735,0,1,0
5264,3.816,262.055,0,1,0
5265,2.601,384.468,0,1,0
5266,3.205,312.012,0,1,0
5267,3.413,292.997,0,1,0
5268,3.062,326.584,0,1,0
5269,2.129,469.704,0,1,0
5270,2.747,364.033,0,1,0
5271,3.170,315.457,0,1,0
5272,2.103,475.511,0,1,0
5273,3.519,284.172,0,1,0
5274,3.729,268.168,0,1,0
5275,3.228,309.789,0,1,0
5276,3.491,286.451,0,1,0
5277,3.552,281.532,0,1,0
5278,3.416,292.740,0,1,0
5279,2.464,405.844,0,1,0
5280,4.046,247.158,0,1,0
5281,4.151,240.906,0,1,0
5282,2.570,389.105,0,1,0
5283,2.981,335.458,0,1,0
5284,2.824,354.108,0,1,0
5285,4.044,247.280,0,1,0
5286,4.580,218.341,0,1,0
5287,3.655,273.598,0,1,0
5288,3.281,304.785,0,1,0
5289,3.210,311.526,0,1,0
5290,3.186,313.873,0,1,0
5291,4.119,242.777,0,1,0
5292,3.675,272.109,0,1,0
5293,4.089,244.559,0,1,0
5294,5.153,194.062,0,1,0
5295,2.677,373.552,0,1,0
5296,5.065,197.433,0,1,0
5297,2.716,368.189,0,1,0
5298,3.305,302.572,0,1,0
5299,3.930,254.453,0,1,0
5300,3.789,263.922,0,1,0
5301,3.403,293.858,0,1,0
5302,4.963,201.491,0,1,0
5303,3.347,298.775,0,1,0
5304,3.696,270.563,0,1,0
5305,3.707,269.760,0,1,0
5306,4.218,237.079,0,1,0
5307,4.319,231.535,0,1,0
5308,3.667,272.702,0,1,0
5309,3.824,261.506,0,1,0
5310,3.603,277.546,0,1,0
5311,3.709,269.614,0,1,0
5312,4.047,247.097,0,1,0
5313,3.896,256.674,0,1,0
5314,3.473,287.936,0,1,0
5315,3.082,324.465,0,1,0
5316,3.107,321.854,0,1,0
5317,2.431,411.353,0,1,0
5318,2.389,418.585,0,1,0
5319,2.112,473.485,0,1,0
5320,2.610,383.142,0,1,0
5321,3.901,256.345,0,1,0
5322,2.714,368.460,0,1,0
5323,3.819,261.849,0,1,0
5324,3.586,278.862,0,1,0
5325,3.674,272.183,0,1,0
5326,4.632,215.889,0,1,0
5327,3.990,250.627,0,1,0
5328,4.243,235.682,0,1,0
5329,3.014,331.785,0,1,0
5330,3.950,253.165,0,1,0
5331,3.363,297.354,0,1,0
5332,3.992,250.501,0,1,0
5333,3.463,288.767,0,1,0
5334,3.483,287.109,0,1,0
5335,3.044,328.515,0,1,0
5336,4.388,227.894,0,1,0
5337,3.304,302.663,0,1,0
5338,9.328,107.204,0,1,0
5339,9.619,103.961,0,1,0
5340,2.927,341.647,0,1,0
5341,4.349,229.938,0,1,0
5342,4.114,243.072,0,1,0
5343,5.397,185.288,0,1,0
5344,3.122,320.307,0,1,0
5345,3.492,286.369,0,1,0
5346,3.848,259.875,0,1,0
5347,3.530,283.286,0,1,0
5348,4.306,232.234,0,1,0
5349,3.526,283.607,0,1,0
5350,3.315,301.659,0,1,0
5351,3.112,321.337,0,1,0
5352,3.059,326.904,0,1,0
5353,3.431,291.460,0,1,0
5354,2.144,466.418,0,1,0
5355,3.764,265.675,0,1,0
5356,2.882,346.981,0,1,0
5357,2.286,437.445,0,1,0
5358,2.305,433.839,0,1,0
5359,3.370,296.736,0,1,0
5360,2.356,424.448,0,1,0
5361,2.312,432.526,0,1,0
5362,2.454,407.498,0,1,0
5363,1.910,523.560,0,1,0
5364,3.024,330.688,0,1,0
5365,3.009,332.336,0,1,0
5366,2.937,340.483,0,1,0
5367,3.969,251.953,0,1,0
5368,2.975,336.134,0,1,0
5369,3.464,288.684,0,1,0
5370,2.552,391.850,0,1,0
5371,3.808,262.605,0,1,0
5372,4.936,202.593,0,1,0
5373,4.576,218.531,0,1,0
5374,2.372,421.585,0,1,0
5375,2.106,474.834,0,1,0
5376,2.500,400.000,0,1,0
5377,1.810,552.486,0,1,0
5378,2.207,453.104,0,1,0
5379,3.253,307.409,0,1,0
5380,2.896,345.304,0,1,0
5381,4.244,235.627,0,1,0
5382,2.321,430.849,0,1,0
5383,2.559,390.778,0,1,0
5384,3.117,320.821,0,1,0
5385,1.821,549.149,0,1,0
5386,3.861,259.000,0,1,0
5387,2.456,407.166,0,1,0
5388,3.224,310.174,0,1,0
5389,2.945,339.559,0,1,0
5390,3.156,316.857,0,1,0
5391,3.879,257.798,0,1,0
5392,3.838,260.552,0,1,0
5393,2.698,370.645,0,1,0
5394,2.256,443.262,0,1,0
5395,2.820,354.610,0,1,0
5396,3.152,317.259,0,1,0
5397,2.758,362.582,0,1,0
5398,3.217,310.849,0,1,0
5399,4.232,236.295,0,1,0
5400,3.517,284.333,0,1,0
5401,2.986,334.896,0,1,0
5402,3.128,319.693,0,1,0
5403,2.043,489.476,0,1,0
5404,3.338,299.581,0,1,0
5405,2.485,402.414,0,1,0
5406,3.288,304.136,0,1,0
5407,2.297,435.350,0,1,0
5408,3.352,298.329,0,1,0
5409,3.298,303.214,0,1,0
5410,2.803,356.761,0,1,0
5411,3.750,266.667,0,1,0
5412,3.761,265.887,0,1,0
5413,3.714,269.251,0,1,0
5414,2.937,340.483,0,1,0
5415,3.727,268.312,0,1,0
5416,2.316,431.779,0,1,0
5417,3.781,264.480,0,1,0
5418,3.215,311.042,0,1,0
5419,2.589,386.250,0,1,0
5420,2.830,353.357,0,1,0
5421,2.765,361.664,0,1,0
5422,3.300,303.030,0,1,0
5423,4.130,242.131,0,1,0
5424,3.266,306.185,0,1,0
5425,3.384,295.508,0,1,0
5426,3.438,290.867,0,1,0
5427,4.141,241.488,0,1,0
5428,2.761,362.188,0,1,0
5429,4.167,239.981,0,1,0
5430,4.598,217.486,0,1,0
5431,4.055,246.609,0,1,0
5432,3.411,293.169,0,1,0
5433,4.051,246.853,0,1,0
5434,3.325,300.752,0,1,0
5435,4.194,238.436,0,1,0
5436,3.715,269.179,0,1,0
5437,2.614,382.555,0,1,0
5438,2.541,393.546,0,1,0
5439,4.490,222.717,0,1,0
5440,2.917,342.818,0,1,0
5441,4.670,214.133,0,1,0
5442,2.727,366.703,0,1,0
5443,4.090,244.499,0,1,0
5444,3.651,273.898,0,1,0
5445,4.269,234.247,0,1,0
5446,2.484,402.576,0,1,0
5447,3.329,300.391,0,1,0
5448,2.862,349.406,0,1,0
5449,4.378,228.415,0,1,0
5450,3.578,279.486,0,1,0
5451,4.651,215.008,0,1,0
5452,3.204,312.110,0,1,0
5453,3.145,317.965,0,1,0
5454,3.255,307.220,0,1,0
5455,3.624,275.938,0,1,0
5456,1.734,576.701,0,1,0
5457,1.721,581.058,0,1,0
5458,4.148,241.080,0,1,0
5459,3.321,301.114,0,1,0
5460,3.324,300.842,0,1,0
5461,3.611,276.932,0,1,0
5462,4.779,209.249,0,1,0
5463,3.945,253.485,0,1,0
5464,4.138,241.663,0,1,0
5465,3.399,294.204,0,1,0
5466,3.226,309.981,0,1,0
5467,2.769,361.141,0,1,0
5468,4.304,232.342,0,1,0
5469,2.742,364.697,0,1,0
5470,3.825,261.438,0,1,0
5471,2.573,388.651,0,1,0
5472,3.020,331.126,0,1,0
5473,2.920,342.466,0,1,0
5474,2.424,412.541,0,1,0
5475,3.057,327.118,0,1,0
5476,3.432,291.375,0,1,0
5477,4.192,238.550,0,1,0
5478,3.980,251.256,0,1,0
5479,3.446,290.192,0,1,0
5480,3.210,311.526,0,1,0
5481,3.951,253.100,0,1,0
5482,3.241,308.547,0,1,0
5483,3.045,328.407,0,1,0
5484,2.523,396.354,0,1,0
5485,3.591,278.474,0,1,0
5486,2.976,336.022,0,1,0
5487,3.785,264.201,0,1,0
5488,2.616,382.263,0,1,0
5489,1.472,679.348,0,1,0
5490,2.716,368.189,0,1,0
5491,2.892,345.781,0,1,0
5492,3.542,282.326,0,1,0
5493,3.688,271.150,0,1,0
5494,4.128,242.248,0,1,0
5495,3.657,273.448,0,1,0
5496,2.602,384.320,0,1,0
5497,3.302,302.847,0,1,0
5498,3.126,319.898,0,1,0
5499,2.675,373.832,0,1,0
5500,2.922,342.231,0,1,0
5501,3.118,320.718,0,1,0
5502,2.113,473.261,0,1,0
5503,4.059,246.366,0,1,0
5504,3.432,291.375,0,1,0
5505,2.568,389.408,0,1,0
5506,2.567,389.560,0,1,0
5507,3.216,310.945,0,1,0
5508,3.195,312.989,0,1,0
5509,3.018,331.345,0,1,0
5510,4.542,220.167,0,1,0
5511,3.098,322.789,0,1,0
5512,2.595,385.356,0,1,0
5513,3.843,260.213,0,1,0
5514,3.446,290.192,0,1,0
5515,2.351,425.351,0,1,0
5516,3.882,257.599,0,1,0
5517,2.903,344.471,0,1,0
5518,2.747,364.033,0,1,0
5519,2.878,347.464,0,1,0
5520,3.819,261.849,0,1,0
5521,3.537,282.725,0,1,0
5522,4.642,215.424,0,1,0
5523,2.319,431.220,0,1,0
5524,3.289,304.044,0,1,0
5525,3.292,303.767,0,1,0
5526,2.680,373.134,0,1,0
5527,4.031,248.077,0,1,0
5528,4.386,227.998,0,1,0
5529,2.881,347.102,0,1,0
5530,4.077,245.278,0,1,0
5531,4.176,239.464,0,1,0
5532,3.545,282.087,0,1,0
5533,3.578,279.486,0,1,0
5534,3.744,267.094,0,1,0
5535,2.248,444.840,0,1,0
5536,4.316,231.696,0,1,0
5537,2.552,391.850,0,1,0
5538,3.537,282.725,0,1,0
5539,4.168,239.923,0,1,0
5540,3.971,251.826,0,1,0
5541,3.775,264.901,0,1,0
5542,2.839,352.237,0,1,0
5543,3.602,277.624,0,1,0
5544,3.600,277.778,0,1,0
5545,3.667,272.702,0,1,0
5546,3.413,292.997,0,1,0
5547,3.102,322.373,0,1,0
5548,3.079,324.781,0,1,0
5549,3.431,291.460,0,1,0
5550,2.299,434.972,0,1,0
5551,2.864,349.162,0,1,0
5552,3.804,262.881,0,1,0
5553,2.778,359.971,0,1,0
5554,3.875,258.065,0,1,0
5555,2.531,395.101,0,1,0
5556,2.839,352.237,0,1,0
5557,2.456,407.166,0,1,0
5558,2.928,341.530,0,1,0
5559,2.972,336.474,0,1,0
5560,2.595,385.356,0,1,0
5561,2.037,490.918,0,1,0
5562,2.610,383.142,0,1,0
5563,2.507,398.883,0,1,0
5564,2.053,487.092,0,1,0
5565,3.647,274.198,0,1,0
5566,2.203,453.926,0,1,0
5567,3.437,290.951,0,1,0
5568,2.096,477.099,0,1,0
5569,3.410,293.255,0,1,0
5570,2.169,461.042,0,1,0
5571,2.624,381.098,0,1,0
5572,3.095,323.102,0,1,0
5573,1.857,538.503,0,1,0
5574,2.175,459.770,0,1,0
5575,3.309,302.206,0,1,0
5576,2.772,360.750,0,1,0
5577,3.484,287.026,0,1,0
5578,3.737,267.594,0,1,0
5579,4.416,226.449,0,1,0
5580,3.219,310.655,0,1,0
5581,2.702,370.096,0,1,0
5582,2.613,382.702,0,1,0
5583,2.297,435.350,0,1,0
5584,4.466,223.914,0,1,0
5585,2.461,406.339,0,1,0
5586,3.674,272.183,0,1,0
5587,3.662,273.075,0,1,0
5588,4.312,231.911,0,1,0
5589,3.600,277.778,0,1,0
5590,4.479,223.264,0,1,0
5591,4.140,241.546,0,1,0
5592,3.729,268.168,0,1,0
5593,3.095,323.102,0,1,0
5594,3.801,263.089,0,1,0
5595,5.776,173.130,0,1,0
5596,3.280,304.878,0,1,0
5597,4.723,211.730,0,1,0
5598,3.871,258.331,0,1,0
5599,2.530,395.257,0,1,0
5600,4.396,227.480,0,1,0
5601,3.268,305.998,0,1,0
5602,3.746,266.951,0,1,0
5603,3.510,284.900,0,1,0
5604,4.378,228.415,0,1,0
5605,3.162,316.256,0,1,0
5606,2.884,346.741,0,1,0
5607,3.310,302.115,0,1,0
5608,5.062,197.550,0,1,0
5609,3.087,323.939,0,1,0
5610,3.795,263.505,0,1,0
5611,2.763,361.925,0,1,0
5612,1.766,566.251,0,1,0
5613,2.657,376.364,0,1,0
5614,2.505,399.202,0,1,0
5615,2.452,407.830,0,1,0
5616,2.684,372.578,0,1,0
5617,3.511,284.819,0,1,0
5618,2.383,419.639,0,1,0
5619,4.191,238.607,0,1,0
5620,2.880,347.222,0,1,0
5621,2.194,455.789,0,1,0
5622,4.546,219.974,0,1,0
5623,4.976,200.965,0,1,0
5624,3.144,318.066,0,1,0
5625,2.369,422.119,0,1,0
5626,2.733,365.898,0,1,0
5627,3.037,329.272,0,1,0
5628,3.115,321.027,0,1,0
5629,2.514,397.772,0,1,0
5630,2.423,412.712,0,1,0
5631,2.990,334.448,0,1,0
5632,3.484,287.026,0,1,0
5633,3.780,264.550,0,1,0
5634,2.673,374.111,0,1,0
5635,3.255,307.220,0,1,0
5636,3.309,302.206,0,1,0
5637,3.810,262.467,0,1,0
5638,3.785,264.201,0,1,0
5639,2.562,390.320,0,1,0
5640,2.922,342.231,0,1,0
5641,2.577,388.048,0,1,0
5642,2.691,371.609,0,1,0
5643,3.689,271.076,0,1,0
5644,2.963,337.496,0,1,0
5645,2.725,366.972,0,1,0
5646,4.592,217.770,0,1,0
5647,2.661,375.799,0,1,0
5648,2.776,360.231,0,1,0
5649,3.148,317.662,0,1,0
5650,2.929,341.413,0,1,0
5651,4.136,241.779,0,1,0
5652,2.933,340.948,0,1,0
5653,3.023,330.797,0,1,0
5654,2.802,356.888,0,1,0
5655,2.836,352.609,0,1,0
5656,3.405,293.686,0,1,0
5657,2.549,392.311,0,1,0
5658,2.853,350.508,0,1,0
5659,2.283,438.020,0,1,0
5660,2.011,497.265,0,1,0
5661,2.961,337.724,0,1,0
5662,4.316,231.696,0,1,0
5663,2.668,374.813,0,1,0
5664,3.817,261.986,0,1,0
5665,3.272,305.623,0,1,0
5666,2.260,442.478,0,1,0
5667,2.574,388.500,0,1,0
5668,2.860,349.650,0,1,0
5669,2.660,375.940,0,1,0
5670,3.146,317.864,0,1,0
5671,2.399,416.840,0,1,0
5672,2.751,363.504,0,1,0
5673,2.365,422.833,0,1,0
5674,2.893,345.662,0,1,0
5675,2.380,420.168,0,1,0
5676,3.481,287.274,0,1,0
5677,2.619,381.825,0,1,0
5678,2.755,362.976,0,1,0
5679,2.499,400.160,0,1,0
5680,2.866,348.918,0,1,0
5681,3.300,303.030,0,1,0
5682,3.387,295.247,0,1,0
5683,3.799,263.227,0,1,0
5684,4.058,246.427,0,1,0
5685,3.010,332.226,0,1,0
5686,3.043,328.623,0,1,0
5687,3.265,306.279,0,1,0
5688,2.332,428.816,0,1,0
5689,2.102,475.737,0,1,0
5690,2.774,360.490,0,1,0
5691,5.704,175.316,0,1,0
5692,4.680,213.675,0,1,0
5693,3.560,280.899,0,1,0
5694,3.783,264.340,0,1,0
5695,2.833,352.983,0,1,0
5696,3.480,287.356,0,1,0
5697,4.814,207.727,0,1,0
5698,3.513,284.657,0,1,0
5699,1.969,507.872,0,1,0
5700,1.984,504.032,0,1,0
5701,2.096,477.099,0,1,0
5702,4.867,205.465,0,1,0
5703,5.404,185.048,0,1,0
5704,3.237,308.928,0,1,0
5705,4.625,216.216,0,1,0
5706,2.536,394.322,0,1,0
5707,2.436,410.509,0,1,0
5708,3.087,323.939,0,1,0
5709,3.726,268.384,0,1,0
5710,3.307,302.389,0,1,0
5711,2.463,406.009,0,1,0
5712,3.118,320.718,0,1,0
5713,3.733,267.881,0,1,0
5714,4.041,247.463,0,1,0
5715,3.688,271.150,0,1,0
5716,4.968,201.288,0,1,0
5717,3.479,287.439,0,1,0
5718,2.713,368.596,0,1,0
5719,4.551,219.732,0,1,0
5720,3.052,327.654,0,1,0
5721,3.833,260.892,0,1,0
5722,3.121,320.410,0,1,0
5723,4.492,222.618,0,1,0
5724,3.632,275.330,0,1,0
5725,2.039,490.436,0,1,0
5726,3.146,317.864,0,1,0
5727,2.543,393.236,0,1,0
5728,3.614,276.702,0,1,0
5729,3.674,272.183,0,1,0
5730,4.396,227.480,0,1,0
5731,3.224,310.174,0,1,0
5732,2.518,397.141,0,1,0
5733,4.068,245.821,0,1,0
5734,3.247,307.977,0,1,0
5735,5.708,175.193,0,1,0
5736,4.023,248.571,0,1,0
5737,5.294,188.893,0,1,0
5738,2.787,358.809,0,1,0
5739,3.276,305.250,0,1,0
5740,3.051,327.761,0,1,0
5741,4.046,247.158,0,1,0
5742,3.494,286.205,0,1,0
5743,3.393,294.724,0,1,0
5744,3.338,299.581,0,1,0
5745,5.235,191.022,0,1,0
5746,5.090,196.464,0,1,0
5747,4.620,216.450,0,1,0
5748,4.905,203.874,0,1,0
5749,3.020,331.126,0,1,0
5750,3.057,327.118,0,1,0
5751,4.791,208.725,0,1,0
5752,2.615,382.409,0,1,0
5753,4.046,247.158,0,1,0
5754,4.465,223.964,0,1,0
5755,5.358,186.637,0,1,0
5756,3.094,323.206,0,1,0
5757,5.556,179.986,0,1,0
5758,4.476,223.414,0,1,0
5759,5.461,183.117,0,1,0
5760,2.361,423.549,0,1,0
5761,2.781,359.583,0,1,0
5762,3.762,265.816,0,1,0
5763,2.603,384.172,0,1,0
5764,3.855,259.403,0,1,0
5765,3.145,317.965,0,1,0
5766,4.244,235.627,0,1,0
5767,3.202,312.305,0,1,0
5768,3.858,259.202,0,1,0
5769,2.440,409.836,0,1,0
5770,4.507,221.877,0,1,0
5771,2.651,377.216,0,1,0
5772,2.103,475.511,0,1,0
5773,4.377,228.467,0,1,0
5774,3.114,321.130,0,1,0
5775,4.176,239.464,0,1,0
5776,1.612,620.347,0,1,0
5777,3.430,291.545,0,1,0
5778,2.386,419.111,0,1,0
5779,4.517,221.386,0,1,0
5780,4.405,227.015,0,1,0
5781,4.550,219.780,0,1,0
5782,4.064,246.063,0,1,0
5783,4.265,234.467,0,1,0
5784,2.877,347.584,0,1,0
5785,4.503,222.074,0,1,0
5786,4.708,212.404,0,1,0
5787,4.550,219.780,0,1,0
5788,3.707,269.760,0,1,0
5789,3.278,305.064,0,1,0
5790,3.596,278.087,0,1,0
5791,3.076,325.098,0,1,0
5792,3.410,293.255,0,1,0
5793,4.405,227.015,0,1,0
5794,2.546,392.773,0,1,0
5795,4.177,239.406,0,1,0
5796,3.244,308.261,0,1,0
5797,2.822,354.359,0,1,0
5798,1.784,560.538,0,1,0
5799,2.180,458.716,0,1,0
5800,3.523,283.849,0,1,0
5801,2.764,361.795,0,1,0
5802,5.274,189.609,0,1,0
5803,3.245,308.166,0,1,0
5804,3.585,278.940,0,1,0
5805,4.836,206.782,0,1,0
5806,4.265,234.467,0,1,0
5807,4.229,236.463,0,1,0
5808,4.212,237.417,0,1,0
5809,4.297,232.721,0,1,0
5810,3.765,265.604,0,1,0
5811,2.845,351.494,0,1,0
5812,4.015,249.066,0,1,0
5813,4.491,222.668,0,1,0
5814,3.989,250.689,0,1,0
5815,2.902,344.590,0,1,0
5816,3.960,252.525,0,1,0
5817,4.231,236.351,0,1,0
5818,3.216,310.945,0,1,0
5819,4.437,225.378,0,1,0
5820,4.022,248.633,0,1,0
5821,3.752,266.525,0,1,0
5822,2.816,355.114,0,1,0
5823,3.306,302.480,0,1,0
5824,2.924,341.997,0,1,0
5825,3.652,273.823,0,1,0
5826,3.085,324.149,0,1,0
5827,3.740,267.380,0,1,0
5828,3.181,314.367,0,1,0
5829,3.681,271.665,0,1,0
5830,3.828,261.233,0,1,0
5831,4.630,215.983,0,1,0
5832,4.097,244.081,0,1,0
5833,2.938,340.368,0,1,0
5834,2.301,434.594,0,1,0
5835,4.715,212.089,0,1,0
5836,3.198,312.695,0,1,0
5837,3.283,304.599,0,1,0
5838,3.794,263.574,0,1,0
5839,3.001,333.222,0,1,0
5840,4.331,230.894,0,1,0
5841,3.390,294.985,0,1,0
5842,3.988,250.752,0,1,0
5843,2.809,355.999,0,1,0
5844,4.224,236.742,0,1,0
5845,3.834,260.824,0,1,0
5846,4.152,240.848,0,1,0
5847,2.992,334.225,0,1,0
5848,5.002,199.920,0,1,0
5849,4.564,219.106,0,1,0
5850,3.450,289.855,0,1,0
5851,3.987,250.815,0,1,0
5852,3.081,324.570,0,1,0
5853,2.999,333.444,0,1,0
5854,4.667,214.270,0,1,0
5855,3.294,303.582,0,1,0
5856,3.197,312.793,0,1,0
5857,3.643,274.499,0,1,0
5858,3.751,266.596,0,1,0
5859,3.125,320.000,0,1,0
5860,3.859,259.134,0,1,0
5861,2.559,390.778,0,1,0
5862,2.050,487.805,0,1,0
5863,1.965,508.906,0,1,0
5864,2.977,335.909,0,1,0
5865,3.153,317.158,0,1,0
5866,2.992,334.225,0,1,0
5867,4.097,244.081,0,1,0
5868,2.584,386.997,0,1,0
5869,3.851,259.673,0,1,0
5870,2.813,355.492,0,1,0
5871,3.565,280.505,0,1,0
5872,2.558,390.930,0,1,0
5873,3.113,321.234,0,1,0
5874,3.342,299.222,0,1,0
5875,2.657,376.364,0,1,0
5876,3.074,325.309,0,1,0
5877,2.913,343.289,0,1,0
5878,4.309,232.072,0,1,0
5879,3.031,329.924,0,1,0
5880,4.120,242.718,0,1,0
5881,5.093,196.348,0,1,0
5882,3.222,310.366,0,1,0
5883,2.995,333.890,0,1,0
5884,3.230,309.598,0,1,0
5885,3.855,259.403,0,1,0
5886,2.189,456.830,0,1,0
5887,3.999,250.063,0,1,0
5888,3.592,278.396,0,1,0
5889,3.850,259.740,0,1,0
5890,3.656,273.523,0,1,0
5891,3.439,290.782,0,1,0
5892,3.318,301.386,0,1,0
5893,5.466,182.949,0,1,0
5894,3.291,303.859,0,1,0
5895,3.426,291.886,0,1,0
5896,3.526,283.607,0,1,0
5897,4.073,245.519,0,1,0
5898,2.314,432.152,0,1,0
5899,3.516,284.414,0,1,0
5900,2.895,345.423,0,1,0
5901,3.047,328.192,0,1,0
5902,2.718,367.918,0,1,0
5903,3.341,299.312,0,1,0
5904,2.518,397.141,0,1,0
5905,2.053,487.092,0,1,0
5906,4.239,235.905,0,1,0
5907,3.443,290.444,0,1,0
5908,3.690,271.003,0,1,0
5909,3.218,310.752,0,1,0
5910,3.882,257.599,0,1,0
5911,2.730,366.300,0,1,0
5912,3.826,261.370,0,1,0
5913,3.245,308.166,0,1,0
5914,4.355,229.621,0,1,0
5915,3.131,319.387,0,1,0
5916,4.009,249.439,0,1,0
5917,3.109,321.647,0,1,0
5918,3.893,256.871,0,1,0
5919,2.824,354.108,0,1,0
5920,3.477,287.604,0,1,0
5921,4.351,229.832,0,1,0
5922,3.431,291.460,0,1,0
5923,4.505,221.976,0,1,0
5924,3.338,299.581,0,1,0
5925,4.492,222.618,0,1,0
5926,2.933,340.948,0,1,0
5927,2.480,403.226,0,1,0
5928,3.857,259.269,0,1,0
5929,4.256,234.962,0,1,0
5930,3.125,320.000,0,1,0
5931,5.332,187.547,0,1,0
5932,4.203,237.925,0,1,0
5933,3.569,280.191,0,1,0
5934,4.007,249.563,0,1,0
5935,4.065,246.002,0,1,0
5936,4.076,245.339,0,1,0
5937,4.356,229.568,0,1,0
5938,4.538,220.361,0,1,0
5939,3.644,274.424,0,1,0
5940,1.737,575.705,0,1,0
5941,2.437,410.341,0,1,0
5942,4.704,212.585,0,1,0
5943,2.912,343.407,0,1,0
5944,5.176,193.199,0,1,0
5945,2.675,373.832,0,1,0
5946,4.531,220.702,0,1,0
5947,3.867,258.598,0,1,0
5948,3.950,253.165,0,1,0
5949,4.911,203.625,0,1,0
5950,3.199,312.598,0,1,0
5951,4.845,206.398,0,1,0
5952,2.560,390.625,0,1,0
5953,4.170,239.808,0,1,0
5954,3.635,275.103,0,1,0
5955,4.040,247.525,0,1,0
5956,4.055,246.609,0,1,0
5957,3.685,271.370,0,1,0
5958,3.772,265.111,0,1,0
5959,2.831,353.232,0,1,0
5960,3.830,261.097,0,1,0
5961,2.018,495.540,0,1,0
5962,5.094,196.309,0,1,0
5963,3.109,321.647,0,1,0
5964,3.773,265.041,0,1,0
5965,2.562,390.320,0,1,0
5966,4.991,200.361,0,1,0
5967,1.999,500.250,0,1,0
5968,3.592,278.396,0,1,0
5969,3.118,320.718,0,1,0
5970,3.780,264.550,0,1,0
5971,2.342,426.985,0,1,0
5972,2.355,424.628,0,1,0
5973,2.424,412.541,0,1,0
5974,2.103,475.511,0,1,0
5975,2.266,441.306,0,1,0
5976,2.268,440.917,0,1,0
5977,3.072,325.521,0,1,0
5978,3.456,289.352,0,1,0
5979,4.823,207.340,0,1,0
5980,5.981,167.196,0,1,0
5981,4.810,207.900,0,1,0
5982,2.824,354.108,0,1,0
5983,4.572,218.723,0,1,0
5984,4.243,235.682,0,1,0
5985,3.536,282.805,0,1,0
5986,4.324,231.267,0,1,0
5987,5.359,186.602,0,1,0
5988,3.391,294.898,0,1,0
5989,4.179,239.292,0,1,0
5990,3.578,279.486,0,1,0
5991,4.480,223.214,0,1,0
5992,5.701,175.408,0,1,0
5993,3.800,263.158,0,1,0
5994,4.380,228.311,0,1,0
5995,3.150,317.460,0,1,0
5996,3.011,332.116,0,1,0
5997,5.075,197.044,0,1,0
5998,4.629,216.029,0,1,0
5999,3.650,273.973,0,1,0
6000,2.706,369.549,0,1,0
6001,2.553,391.696,0,1,0
6002,3.463,288.767,0,1,0
6003,3.084,324.254,0,1,0
6004,2.682,372.856,0,1,0
6005,2.594,385.505,0,1,0
6006,2.487,402.091,0,1,0
6007,2.272,440.141,0,1,0
6008,1.975,506.329,0,1,0
6009,4.120,242.718,0,1,0
6010,2.136,468.165,0,1,0
6011,2.176,459.559,0,1,0
6012,2.759,362.450,0,1,0
6013,2.734,365.764,0,1,0
6014,2.263,441.891,0,1,0
6015,2.334,428.449,0,1,0
6016,3.397,294.377,0,1,0
6017,2.949,339.098,0,1,0
6018,3.411,293.169,0,1,0
6019,3.279,304.971,0,1,0
6020,3.444,290.360,0,1,0
6021,3.775,264.901,0,1,0
6022,3.312,301.932,0,1,0
6023,2.328,429.553,0,1,0
6024,2.626,380.807,0,1,0
6025,4.305,232.288,0,1,0
6026,2.965,337.268,0,1,0
6027,4.425,225.989,0,1,0
6028,3.208,311.721,0,1,0
6029,3.968,252.016,0,1,0
6030,3.961,252.461,0,1,0
6031,4.688,213.311,0,1,0
6032,3.089,323.729,0,1,0
6033,3.739,267.451,0,1,0
6034,3.352,298.329,0,1,0
6035,4.567,218.962,0,1,0
6036,3.321,301.114,0,1,0
6037,3.246,308.071,0,1,0
6038,3.403,293.858,0,1,0
6039,2.702,370.096,0,1,0
6040,5.552,180.115,0,1,0
6041,3.337,299.670,0,1,0
6042,3.260,306.748,0,1,0
6043,3.403,293.858,0,1,0
6044,2.792,358.166,0,1,0
6045,7.363,135.814,0,1,0
6046,7.455,134.138,0,1,0
6047,9.066,110.302,0,1,0
6048,3.597,278.009,0,1,0
6049,4.117,242.895,0,1,0
6050,3.193,313.185,0,1,0
6051,4.453,224.568,0,1,0
6052,2.967,337.041,0,1,0
6053,2.180,458.716,0,1,0
6054,2.737,365.364,0,1,0
6055,3.255,307.220,0,1,0
6056,3.027,330.360,0,1,0
6057,5.118,195.389,0,1,0
6058,3.011,332.116,0,1,0
6059,4.889,204.541,0,1,0
6060,4.744,210.793,0,1,0
6061,5.192,192.604,0,1,0
6062,3.587,278.784,0,1,0
6063,4.326,231.160,0,1,0
6064,3.929,254.518,0,1,0
6065,4.721,211.820,0,1,0
6066,4.179,239.292,0,1,0
6067,4.664,214.408,0,1,0
6068,4.764,209.908,0,1,0
6069,4.990,200.401,0,1,0
6070,3.959,252.589,0,1,0
6071,3.830,261.097,0,1,0
6072,2.947,339.328,0,1,0
6073,5.646,177.117,0,1,0
6074,3.970,251.889,0,1,0
6075,3.926,254.712,0,1,0
6076,3.040,328.947,0,1,0
6077,4.040,247.525,0,1,0
6078,3.739,267.451,0,1,0
6079,5.086,196.618,0,1,0
6080,3.323,300.933,0,1,0
6081,3.753,266.454,0,1,0
6082,2.868,348.675,0,1,0
6083,3.204,312.110,0,1,0
6084,3.928,254.582,0,1,0
6085,4.032,248.016,0,1,0
6086,4.062,246.184,0,1,0
6087,3.420,292.398,0,1,0
6088,3.463,288.767,0,1,0
6089,2.817,354.988,0,1,0
6090,3.614,276.702,0,1,0
6091,4.657,214.731,0,1,0
6092,3.053,327.547,0,1,0
6093,4.018,248.880,0,1,0
6094,5.568,179.598,0,1,0
6095,3.310,302.115,0,1,0
6096,3.099,322.685,0,1,0
6097,3.075,325.203,0,1,0
6098,3.186,313.873,0,1,0
6099,3.413,292.997,0,1,0
6100,3.032,329.815,0,1,0
6101,2.882,346.981,0,1,0
6102,3.025,330.579,0,1,0
6103,3.681,271.665,0,1,0
6104,3.165,315.956,0,1,0
6105,4.359,229.410,0,1,0
6106,5.256,190.259,0,1,0
6107,3.570,280.112,0,1,0
6108,5.325,187.793,0,1,0
6109,4.632,215.889,0,1,0
6110,5.261,190.078,0,1,0
6111,4.243,235.682,0,1,0
6112,5.039,198.452,0,1,0
6113,4.154,240.732,0,1,0
6114,4.450,224.719,0,1,0
6115,5.188,192.753,0,1,0
6116,4.104,243.665,0,1,0
6117,5.128,195.008,0,1,0
6118,4.612,216.826,0,1,0
6119,5.074,197.083,0,1,0
6120,5.248,190.549,0,1,0
6121,4.628,216.076,0,1,0
6122,4.412,226.655,0,1,0
6123,4.927,202.963,0,1,0
6124,3.532,283.126,0,1,0
6125,3.095,323.102,0,1,0
6126,2.391,418.235,0,1,0
6127,2.568,389.408,0,1,0
6128,4.695,212.993,0,1,0
6129,3.313,301.841,0,1,0
6130,5.974,167.392,0,1,0
6131,3.097,322.893,0,1,0
6132,3.433,291.290,0,1,0
6133,2.323,430.478,0,1,0
6134,3.788,263.992,0,1,0
6135,2.083,480.077,0,1,0
6136,2.017,495.786,0,1,0
6137,3.087,323.939,0,1,0
6138,2.053,487.092,0,1,0
6139,3.107,321.854,0,1,0
6140,3.507,285.144,0,1,0
6141,5.165,193.611,0,1,0
6142,2.791,358.295,0,1,0
6143,4.254,235.073,0,1,0
6144,3.061,326.691,0,1,0
6145,5.601,178.540,0,1,0
6146,3.467,288.434,0,1,0
6147,4.902,203.998,0,1,0
6148,4.868,205.423,0,1,0
6149,4.417,226.398,0,1,0
6150,4.385,228.050,0,1,0
6151,4.220,236.967,0,1,0
6152,3.897,256.608,0,1,0
6153,4.445,224.972,0,1,0
6154,3.834,260.824,0,1,0
6155,3.801,263.089,0,1,0
6156,4.634,215.796,0,1,0
6157,4.777,209.336,0,1,0
6158,3.153,317.158,0,1,0
6159,3.356,297.974,0,1,0
6160,1.999,500.250,0,1,0
6161,2.415,414.079,0,1,0
6162,3.791,263.783,0,1,0
6163,3.911,255.689,0,1,0
6164,3.037,329.272,0,1,0
6165,3.742,267.237,0,1,0
6166,4.226,236.630,0,1,0
6167,3.936,254.065,0,1,0
6168,4.482,223.115,0,1,0
6169,3.785,264.201,0,1,0
6170,4.194,238.436,0,1,0
6171,3.534,282.965,0,1,0
6172,3.692,270.856,0,1,0
6173,3.249,307.787,0,1,0
6174,4.797,208.464,0,1,0
6175,4.845,206.398,0,1,0
6176,2.958,338.066,0,1,0
6177,2.955,338.409,0,1,0
6178,4.999,200.040,0,1,0
6179,3.322,301.023,0,1,0
6180,3.720,268.817,0,1,0
6181,4.086,244.738,0,1,0
6182,3.619,276.319,0,1,0
6183,3.243,308.356,0,1,0
6184,2.911,343.525,0,1,0
6185,4.217,237.135,0,1,0
6186,3.548,281.849,0,1,0
6187,3.729,268.168,0,1,0
6188,2.772,360.750,0,1,0
6189,3.390,294.985,0,1,0
6190,3.228,309.789,0,1,0
6191,3.464,288.684,0,1,0
6192,3.962,252.398,0,1,0
6193,2.725,366.972,0,1,0
6194,4.650,215.054,0,1,0
6195,3.042,328.731,0,1,0
6196,3.977,251.446,0,1,0
6197,2.854,350.385,0,1,0
6198,3.272,305.623,0,1,0
6199,3.800,263.158,0,1,0
6200,2.794,357.910,0,1,0
6201,4.306,232.234,0,1,0
6202,4.231,236.351,0,1,0
6203,3.733,267.881,0,1,0
6204,3.271,305.717,0,1,0
6205,3.749,266.738,0,1,0
6206,3.179,314.564,0,1,0
6207,2.488,401.929,0,1,0
6208,2.521,396.668,0,1,0
6209,4.792,208.681,0,1,0
6210,2.845,351.494,0,1,0
6211,3.478,287.522,0,1,0
6212,3.784,264.271,0,1,0
6213,3.106,321.958,0,1,0
6214,5.914,169.090,0,1,0
6215,3.707,269.760,0,1,0
6216,3.496,286.041,0,1,0
6217,3.796,263.435,0,1,0
6218,4.496,222.420,0,1,0
6219,2.980,335.570,0,1,0
6220,3.932,254.323,0,1,0
6221,3.918,255.232,0,1,0
6222,3.707,269.760,0,1,0
6223,4.700,212.766,0,1,0
6224,4.316,231.696,0,1,0
6225,3.597,278.009,0,1,0
6226,4.302,232.450,0,1,0
6227,3.980,251.256,0,1,0
6228,4.494,222.519,0,1,0
6229,3.346,298.864,0,1,0
6230,4.291,233.046,0,1,0
6231,3.324,300.842,0,1,0
6232,4.188,238.777,0,1,0
6233,2.307,433.463,0,1,0
6234,3.869,258.465,0,1,0
6235,2.321,430.849,0,1,0
6236,2.605,383.877,0,1,0
6237,2.164,462.107,0,1,0
6238,3.200,312.500,0,1,0
6239,3.469,288.268,0,1,0
6240,2.778,359.971,0,1,0
6241,4.178,239.349,0,1,0
6242,2.004,499.002,0,1,0
6243,3.620,276.243,0,1,0
6244,3.044,328.515,0,1,0
6245,3.927,254.647,0,1,0
6246,3.755,266.312,0,1,0
6247,3.106,321.958,0,1,0
6248,3.215,311.042,0,1,0
6249,3.937,254.001,0,1,0
6250,3.075,325.203,0,1,0
6251,4.169,239.866,0,1,0
6252,5.619,177.968,0,1,0
6253,6.124,163.292,0,1,0
6254,3.683,271.518,0,1,0
6255,6.394,156.397,0,1,0
6256,2.686,372.301,0,1,0
6257,4.686,213.402,0,1,0
6258,3.857,259.269,0,1,0
6259,3.196,312.891,0,1,0
6260,2.154,464.253,0,1,0
6261,2.456,407.166,0,1,0
6262,4.499,222.272,0,1,0
6263,3.125,320.000,0,1,0
6264,1.912,523.013,0,1,0
6265,2.407,415.455,0,1,0
6266,3.438,290.867,0,1,0
6267,2.790,358.423,0,1,0
6268,3.615,276.625,0,1,0
6269,4.794,208.594,0,1,0
6270,2.833,352.983,0,1,0
6271,5.226,191.351,0,1,0
6272,2.590,386.100,0,1,0
6273,3.743,267.165,0,1,0
6274,4.090,244.499,0,1,0
6275,3.418,292.569,0,1,0
6276,2.639,378.931,0,1,0
6277,3.331,300.210,0,1,0
6278,5.300,188.679,0,1,0
6279,5.859,170.678,0,1,0
6280,2.784,359.195,0,1,0
6281,4.436,225.428,0,1,0
6282,2.526,395.883,0,1,0
6283,3.840,260.417,0,1,0
6284,2.426,412.201,0,1,0
6285,3.407,293.513,0,1,0
6286,3.569,280.191,0,1,0
6287,1.907,524.384,0,1,0
6288,3.876,257.998,0,1,0
6289,2.830,353.357,0,1,0
6290,4.060,246.305,0,1,0
6291,3.418,292.569,0,1,0
6292,4.110,243.309,0,1,0
6293,3.857,259.269,0,1,0
6294,3.766,265.534,0,1,0
6295,3.940,253.807,0,1,0
6296,3.009,332.336,0,1,0
6297,2.264,441.696,0,1,0
6298,2.206,453.309,0,1,0
6299,2.879,347.343,0,1,0
6300,2.357,424.268,0,1,0
6301,3.265,306.279,0,1,0
6302,2.101,475.964,0,1,0
6303,3.120,320.513,0,1,0
6304,2.910,343.643,0,1,0
6305,1.926,519.211,0,1,0
6306,3.258,306.937,0,1,0
6307,2.386,419.111,0,1,0
6308,3.030,330.033,0,1,0
6309,3.344,299.043,0,1,0
6310,2.213,451.875,0,1,0
6311,3.497,285.959,0,1,0
6312,2.084,479.846,0,1,0
6313,4.471,223.664,0,1,0
6314,2.882,346.981,0,1,0
6315,3.496,286.041,0,1,0
6316,3.818,261.917,0,1,0
6317,4.037,247.709,0,1,0
6318,3.518,284.252,0,1,0
6319,4.263,234.577,0,1,0
6320,2.302,434.405,0,1,0
6321,3.553,281.452,0,1,0
6322,2.461,406.339,0,1,0
6323,3.287,304.229,0,1,0
6324,1.959,510.465,0,1,0
6325,2.812,355.619,0,1,0
6326,2.813,355.492,0,1,0
6327,1.508,663.130,0,1,0
6328,2.001,499.750,0,1,0
6329,2.522,396.511,0,1,0
6330,2.489,401.768,0,1,0
6331,2.272,440.141,0,1,0
6332,3.557,281.136,0,1,0
6333,3.430,291.545,0,1,0
6334,3.276,305.250,0,1,0
6335,2.295,435.730,0,1,0
6336,3.323,300.933,0,1,0
6337,3.661,273.149,0,1,0
6338,3.092,323.415,0,1,0
6339,2.696,370.920,0,1,0
6340,2.895,345.423,0,1,0
6341,5.193,192.567,0,1,0
6342,2.431,411.353,0,1,0
6343,2.645,378.072,0,1,0
6344,1.597,626.174,0,1,0
6345,3.372,296.560,0,1,0
6346,2.775,360.360,0,1,0
6347,3.761,265.887,0,1,0
6348,2.991,334.336,0,1,0
6349,1.691,591.366,0,1,0
6350,1.570,636.943,0,1,0
6351,3.870,258.398,0,1,0
6352,1.796,556.793,0,1,0
6353,3.772,265.111,0,1,0
6354,2.676,373.692,0,1,0
6355,3.067,326.052,0,1,0
6356,2.763,361.925,0,1,0
6357,2.539,393.856,0,1,0
6358,4.044,247.280,0,1,0
6359,3.391,294.898,0,1,0
6360,4.221,236.911,0,1,0
6361,4.109,243.368,0,1,0
6362,2.243,445.831,0,1,0
6363,3.988,250.752,0,1,0
6364,2.633,379.795,0,1,0
6365,4.231,236.351,0,1,0
6366,2.288,437.063,0,1,0
6367,3.853,259.538,0,1,0
6368,2.770,361.011,0,1,0
6369,4.249,235.349,0,1,0
6370,2.602,384.320,0,1,0
6371,2.114,473.037,0,1,0
6372,2.305,433.839,0,1,0
6373,3.296,303.398,0,1,0
6374,1.749,571.755,0,1,0
6375,1.758,568.828,0,1,0
6376,2.053,487.092,0,1,0
6377,2.371,421.763,0,1,0
6378,4.221,236.911,0,1,0
6379,2.857,350.018,0,1,0
6380,4.259,234.797,0,1,0
6381,3.254,307.314,0,1,0
6382,4.496,222.420,0,1,0
6383,4.295,232.829,0,1,0
6384,3.721,268.745,0,1,0
6385,4.076,245.339,0,1,0
6386,3.826,261.370,0,1,0
6387,4.537,220.410,0,1,0
6388,3.149,317.561,0,1,0
6389,2.738,365.230,0,1,0
6390,2.254,443.656,0,1,0
6391,2.955,338.409,0,1,0
6392,3.189,313.578,0,1,0
6393,3.510,284.900,0,1,0
6394,4.787,208.899,0,1,0
6395,2.886,346.500,0,1,0
6396,1.589,629.327,0,1,0
6397,3.425,291.971,0,1,0
6398,1.944,514.403,0,1,0
6399,3.537,282.725,0,1,0
6400,2.331,429.000,0,1,0
6401,2.361,423.549,0,1,0
6402,2.769,361.141,0,1,0
6403,2.392,418.060,0,1,0
6404,2.569,389.257,0,1,0
6405,2.823,354.233,0,1,0
6406,2.555,391.389,0,1,0
6407,3.169,315.557,0,1,0
6408,2.010,497.512,0,1,0
6409,2.463,406.009,0,1,0
6410,1.582,632.111,0,1,0
6411,2.335,428.266,0,1,0
6412,2.947,339.328,0,1,0
6413,3.810,262.467,0,1,0
6414,3.229,309.693,0,1,0
6415,4.562,219.202,0,1,0
6416,2.268,440.917,0,1,0
6417,2.089,478.698,0,1,0
6418,2.882,346.981,0,1,0
6419,2.611,382.995,0,1,0
6420,3.549,281.770,0,1,0
6421,2.603,384.172,0,1,0
6422,3.567,280.348,0,1,0
6423,2.437,410.341,0,1,0
6424,3.438,290.867,0,1,0
6425,2.088,478.927,0,1,0
6426,2.207,453.104,0,1,0
6427,2.761,362.188,0,1,0
6428,2.509,398.565,0,1,0
6429,3.228,309.789,0,1,0
6430,2.739,365.097,0,1,0
6431,3.084,324.254,0,1,0
6432,2.510,398.406,0,1,0
6433,2.504,399.361,0,1,0
6434,1.678,595.948,0,1,0
6435,1.908,524.109,0,1,0
6436,2.387,418.936,0,1,0
6437,2.819,354.736,0,1,0
6438,2.278,438.982,0,1,0
6439,1.824,548.246,0,1,0
6440,2.310,432.900,0,1,0
6441,1.811,552.181,0,1,0
6442,2.047,488.520,0,1,0
6443,3.525,283.688,0,1,0
6444,1.357,736.920,0,1,0
6445,1.269,788.022,0,1,0
6446,1.648,606.796,0,1,0
6447,1.808,553.097,0,1,0
6448,1.950,512.821,0,1,0
6449,2.074,482.160,0,1,0
6450,2.760,362.319,0,1,0
6451,1.709,585.138,0,1,0
6452,3.040,328.947,0,1,0
6453,2.457,407.000,0,1,0
6454,1.379,725.163,0,1,0
6455,3.757,266.170,0,1,0
6456,3.252,307.503,0,1,0
6457,2.130,469.484,0,1,0
6458,2.821,354.484,0,1,0
6459,2.792,358.166,0,1,0
6460,2.207,453.104,0,1,0
6461,2.909,343.761,0,1,0
6462,1.683,594.177,0,1,0
6463,1.830,546.448,0,1,0
6464,1.871,534.474,0,1,0
6465,3.341,299.312,0,1,0
6466,2.367,422.476,0,1,0
6467,1.388,720.461,0,1,0
6468,2.553,391.696,0,1,0
6469,2.318,431.406,0,1,0
6470,3.653,273.748,0,1,0
6471,3.495,286.123,0,1,0
6472,3.534,282.965,0,1,0
6473,3.105,322.061,0,1,0
6474,3.040,328.947,0,1,0
6475,2.679,373.274,0,1,0
6476,2.484,402.576,0,1,0
6477,3.415,292.826,0,1,0
6478,2.009,497.760,0,1,0
6479,2.491,401.445,0,1,0
6480,1.620,617.284,0,1,0
6481,1.934,517.063,0,1,0
6482,2.925,341.880,0,1,0
6483,2.679,373.274,0,1,0
6484,2.498,400.320,0,1,0
6485,3.973,251.699,0,1,0
6486,3.424,292.056,0,1,0
6487,2.916,342.936,0,1,0
6488,4.301,232.504,0,1,0
6489,2.778,359.971,0,1,0
6490,4.101,243.843,0,1,0
6491,3.489,286.615,0,1,0
6492,3.274,305.437,0,1,0
6493,2.455,407.332,0,1,0
6494,2.253,443.853,0,1,0
6495,2.398,417.014,0,1,0
6496,2.490,401.606,0,1,0
6497,2.300,434.783,0,1,0
6498,1.915,522.193,0,1,0
6499,2.974,336.247,0,1,0
6500,3.844,260.146,0,1,0
6501,1.616,618.812,0,1,0
6502,3.916,255.363,0,1,0
6503,2.172,460.405,0,1,0
6504,1.449,690.131,0,1,0
6505,2.091,478.240,0,1,0
6506,2.231,448.229,0,1,0
6507,2.377,420.698,0,1,0
6508,3.147,317.763,0,1,0
6509,2.843,351.741,0,1,0
6510,2.449,408.330,0,1,0
6511,4.950,202.020,0,1,0
6512,3.595,278.164,0,1,0
6513,2.915,343.053,0,1,0
6514,1.883,531.067,0,1,0
6515,3.793,263.644,0,1,0
6516,2.211,452.284,0,1,0
6517,3.288,304.136,0,1,0
6518,2.922,342.231,0,1,0
6519,3.220,310.559,0,1,0
6520,3.539,282.566,0,1,0
6521,3.126,319.898,0,1,0
6522,1.663,601.323,0,1,0
6523,3.377,296.121,0,1,0
6524,2.779,359.842,0,1,0
6525,4.457,224.366,0,1,0
6526,1.933,517.331,0,1,0
6527,2.555,391.389,0,1,0
6528,2.928,341.530,0,1,0
6529,2.797,357.526,0,1,0
6530,4.040,247.525,0,1,0
6531,2.924,341.997,0,1,0
6532,4.350,229.885,0,1,0
6533,3.944,253.550,0,1,0
6534,3.716,269.107,0,1,0
6535,3.746,266.951,0,1,0
6536,4.150,240.964,0,1,0
6537,2.125,470.588,0,1,0
6538,2.241,446.229,0,1,0
6539,3.190,313.480,0,1,0
6540,4.422,226.142,0,1,0
6541,2.875,347.826,0,1,0
6542,4.000,250.000,0,1,0
6543,2.838,352.361,0,1,0
6544,2.794,357.910,0,1,0
6545,3.916,255.363,0,1,0
6546,2.403,416.146,0,1,0
6547,3.390,294.985,0,1,0
6548,1.583,631.712,0,1,0
6549,3.408,293.427,0,1,0
6550,2.913,343.289,0,1,0
6551,4.231,236.351,0,1,0
6552,3.748,266.809,0,1,0
6553,2.648,377.644,0,1,0
6554,3.316,301.568,0,1,0
6555,2.332,428.816,0,1,0
6556,3.022,330.907,0,1,0
6557,3.266,306.185,0,1,0
6558,3.204,312.110,0,1,0
6559,3.621,276.167,0,1,0
6560,2.045,488.998,0,1,0
6561,3.709,269.614,0,1,0
6562,3.524,283.768,0,1,0
6563,3.538,282.646,0,1,0
6564,3.119,320.616,0,1,0
6565,2.722,367.377,0,1,0
6566,4.763,209.952,0,1,0
6567,2.269,440.723,0,1,0
6568,4.658,214.684,0,1,0
6569,2.689,371.885,0,1,0
6570,2.188,457.038,0,1,0
6571,2.905,344.234,0,1,0
6572,3.182,314.268,0,1,0
6573,3.144,318.066,0,1,0
6574,2.417,413.736,0,1,0
6575,4.634,215.796,0,1,0
6576,2.346,426.257,0,1,0
6577,1.907,524.384,0,1,0
6578,2.956,338.295,0,1,0
6579,2.835,352.734,0,1,0
6580,3.638,274.876,0,1,0
6581,3.363,297.354,0,1,0
6582,4.119,242.777,0,1,0
6583,3.288,304.136,0,1,0
6584,3.491,286.451,0,1,0
6585,2.690,371.747,0,1,0
6586,3.624,275.938,0,1,0
6587,2.230,448.430,0,1,0
6588,3.095,323.102,0,1,0
6589,3.763,265.745,0,1,0
6590,3.077,324.992,0,1,0
6591,4.549,219.829,0,1,0
6592,2.660,375.940,0,1,0
6593,3.225,310.078,0,1,0
6594,2.827,353.732,0,1,0
6595,5.529,180.865,0,1,0
6596,3.275,305.344,0,1,0
6597,2.424,412.541,0,1,0
6598,1.954,511.771,0,1,0
6599,2.157,463.607,0,1,0
6600,3.518,284.252,0,1,0
6601,3.381,295.770,0,1,0
6602,3.901,256.345,0,1,0
6603,3.941,253.743,0,1,0
6604,3.652,273.823,0,1,0
6605,2.908,343.879,0,1,0
6606,3.922,254.972,0,1,0
6607,3.031,329.924,0,1,0
6608,4.497,222.370,0,1,0
6609,4.171,239.751,0,1,0
6610,4.590,217.865,0,1,0
6611,4.299,232.612,0,1,0
6612,4.137,241.721,0,1,0
6613,3.758,266.099,0,1,0
6614,2.435,410.678,0,1,0
6615,4.706,212.495,0,1,0
6616,3.878,257.865,0,1,0
6617,2.966,337.154,0,1,0
6618,4.068,245.821,0,1,0
6619,3.991,250.564,0,1,0
6620,3.031,329.924,0,1,0
6621,4.596,217.581,0,1,0
6622,3.777,264.760,0,1,0
6623,1.938,515.996,0,1,0
6624,3.047,328.192,0,1,0
6625,3.859,259.134,0,1,0
6626,3.136,318.878,0,1,0
6627,4.252,235.183,0,1,0
6628,3.153,317.158,0,1,0
6629,4.275,233.918,0,1,0
6630,3.422,292.227,0,1,0
6631,3.822,261.643,0,1,0
6632,4.370,228.833,0,1,0
6633,4.274,233.973,0,1,0
6634,1.893,528.262,0,1,0
6635,1.963,509.424,0,1,0
6636,1.732,577.367,0,1,0
6637,1.548,645.995,0,1,0
6638,2.641,378.644,0,1,0
6639,2.831,353.232,0,1,0
6640,2.582,387.297,0,1,0
6641,4.585,218.103,0,1,0
6642,3.110,321.543,0,1,0
6643,3.806,262.743,0,1,0
6644,2.815,355.240,0,1,0
6645,3.713,269.324,0,1,0
6646,2.975,336.134,0,1,0
6647,2.930,341.297,0,1,0
6648,2.776,360.231,0,1,0
6649,4.373,228.676,0,1,0
6650,2.817,354.988,0,1,0
6651,3.738,267.523,0,1,0
6652,2.635,379.507,0,1,0
6653,2.800,357.143,0,1,0
6654,3.232,309.406,0,1,0
6655,2.909,343.761,0,1,0
6656,2.860,349.650,0,1,0
6657,2.677,373.552,0,1,0
6658,2.705,369.686,0,1,0
6659,2.623,381.243,0,1,0
6660,3.637,274.952,0,1,0
6661,3.159,316.556,0,1,0
6662,2.273,439.947,0,1,0
6663,4.017,248.942,0,1,0
6664,3.179,314.564,0,1,0
6665,2.874,347.947,0,1,0
6666,2.714,368.460,0,1,0
6667,2.485,402.414,0,1,0
6668,1.879,532.198,0,1,0
6669,2.604,384.025,0,1,0
6670,3.141,318.370,0,1,0
6671,3.954,252.908,0,1,0
6672,2.868,348.675,0,1,0
6673,2.648,377.644,0,1,0
6674,2.958,338.066,0,1,0
6675,2.524,396.197,0,1,0
6676,3.110,321.543,0,1,0
6677,3.109,321.647,0,1,0
6678,2.146,465.983,0,1,0
6679,2.300,434.783,0,1,0
6680,2.435,410.678,0,1,0
6681,2.102,475.737,0,1,0
6682,3.399,294.204,0,1,0
6683,2.870,348.432,0,1,0
6684,3.800,263.158,0,1,0
6685,3.049,327.976,0,1,0
6686,2.871,348.311,0,1,0
6687,3.024,330.688,0,1,0
6688,2.759,362.450,0,1,0
6689,2.434,410.846,0,1,0
6690,2.555,391.389,0,1,0
6691,1.574,635.324,0,1,0
6692,1.417,705.716,0,1,0
6693,2.123,471.032,0,1,0
6694,1.880,531.915,0,1,0
6695,1.953,512.033,0,1,0
6696,3.666,272.777,0,1,0
6697,3.279,304.971,0,1,0
6698,3.627,275.710,0,1,0
6699,3.619,276.319,0,1,0
6700,3.816,262.055,0,1,0
6701,3.818,261.917,0,1,0
6702,3.298,303.214,0,1,0
6703,3.821,261.712,0,1,0
6704,2.438,410.172,0,1,0
6705,2.120,471.698,0,1,0
6706,2.824,354.108,0,1,0
6707,3.162,316.256,0,1,0
6708,2.854,350.385,0,1,0
6709,2.704,369.822,0,1,0
6710,3.097,322.893,0,1,0
6711,2.705,369.686,0,1,0
6712,2.658,376.223,0,1,0
6713,3.327,300.571,0,1,0
6714,4.084,244.858,0,1,0
6715,3.383,295.596,0,1,0
6716,3.191,313.381,0,1,0
6717,4.191,238.607,0,1,0
6718,4.819,207.512,0,1,0
6719,4.192,238.550,0,1,0
6720,4.311,231.965,0,1,0
6721,4.484,223.015,0,1,0
6722,3.646,274.273,0,1,0
6723,3.680,271.739,0,1,0
6724,3.094,323.206,0,1,0
6725,4.830,207.039,0,1,0
6726,2.306,433.651,0,1,0
6727,4.215,237.248,0,1,0
6728,3.020,331.126,0,1,0
6729,4.553,219.635,0,1,0
6730,3.202,312.305,0,1,0
6731,3.641,274.650,0,1,0
6732,2.626,380.807,0,1,0
6733,2.308,433.276,0,1,0
6734,3.065,326.264,0,1,0
6735,3.556,281.215,0,1,0
6736,5.011,199.561,0,1,0
6737,3.138,318.674,0,1,0
6738,2.898,345.066,0,1,0
6739,3.645,274.348,0,1,0
6740,2.436,410.509,0,1,0
6741,3.391,294.898,0,1,0
6742,3.215,311.042,0,1,0
6743,4.310,232.019,0,1,0
6744,3.634,275.179,0,1,0
6745,2.186,457.457,0,1,0
6746,2.021,494.805,0,1,0
6747,4.476,223.414,0,1,0
6748,4.219,237.023,0,1,0
6749,2.613,382.702,0,1,0
6750,3.624,275.938,0,1,0
6751,3.457,289.268,0,1,0
6752,3.324,300.842,0,1,0
6753,4.031,248.077,0,1,0
6754,3.050,327.869,0,1,0
6755,4.544,220.070,0,1,0
6756,3.701,270.197,0,1,0
6757,2.934,340.832,0,1,0
6758,1.786,559.910,0,1,0
6759,3.466,288.517,0,1,0
6760,3.533,283.046,0,1,0
6761,3.119,320.616,0,1,0
6762,2.957,338.181,0,1,0
6763,2.593,385.654,0,1,0
6764,3.174,315.060,0,1,0
6765,2.326,429.923,0,1,0
6766,4.706,212.495,0,1,0
6767,3.636,275.028,0,1,0
6768,2.714,368.460,0,1,0
6769,2.607,383.583,0,1,0
6770,3.526,283.607,0,1,0
6771,2.597,385.060,0,1,0
6772,2.918,342.700,0,1,0
6773,2.775,360.360,0,1,0
6774,2.517,397.298,0,1,0
6775,2.565,389.864,0,1,0
6776,2.213,451.875,0,1,0
6777,3.028,330.251,0,1,0
6778,2.373,421.408,0,1,0
6779,3.304,302.663,0,1,0
6780,2.478,403.551,0,1,0
6781,4.016,249.004,0,1,0
6782,2.457,407.000,0,1,0
6783,3.083,324.359,0,1,0
6784,2.685,372.439,0,1,0
6785,3.551,281.611,0,1,0
6786,3.393,294.724,0,1,0
6787,2.429,411.692,0,1,0
6788,3.013,331.895,0,1,0
6789,3.633,275.255,0,1,0
6790,3.520,284.091,0,1,0
6791,2.964,337.382,0,1,0
6792,3.102,322.373,0,1,0
6793,3.757,266.170,0,1,0
6794,2.402,416.320,0,1,0
6795,3.928,254.582,0,1,0
6796,3.361,297.530,0,1,0
6797,3.431,291.460,0,1,0
6798,3.096,322.997,0,1,0
6799,1.793,557.724,0,1,0
6800,5.120,195.312,0,1,0
6801,3.053,327.547,0,1,0
6802,4.234,236.183,0,1,0
6803,3.475,287.770,0,1,0
6804,3.474,287.853,0,1,0
6805,4.304,232.342,0,1,0
6806,3.455,289.436,0,1,0
6807,3.971,251.826,0,1,0
6808,3.330,300.300,0,1,0
6809,3.636,275.028,0,1,0
6810,3.569,280.191,0,1,0
6811,3.575,279.720,0,1,0
6812,2.082,480.307,0,1,0
6813,4.587,218.007,0,1,0
6814,2.317,431.593,0,1,0
6815,3.462,288.850,0,1,0
6816,3.835,260.756,0,1,0
6817,3.476,287.687,0,1,0
6818,4.530,220.751,0,1,0
6819,2.912,343.407,0,1,0
6820,3.732,267.953,0,1,0
6821,4.676,213.858,0,1,0
6822,3.867,258.598,0,1,0
6823,4.149,241.022,0,1,0
6824,3.891,257.003,0,1,0
6825,5.337,187.371,0,1,0
6826,3.102,322.373,0,1,0
6827,6.098,163.988,0,1,0
6828,13.813,72.396,0,1,0
6829,3.896,256.674,0,1,0
6830,5.655,176.835,0,1,0
6831,4.034,247.893,0,1,0
6832,5.335,187.441,0,1,0
6833,3.509,284.981,0,1,0
6834,4.856,205.931,0,1,0
6835,4.406,226.963,0,1,0
6836,5.584,179.083,0,1,0
6837,3.027,330.360,0,1,0
6838,3.932,254.323,0,1,0
6839,2.918,342.700,0,1,0
6840,5.453,183.385,0,1,0
6841,5.034,198.649,0,1,0
6842,3.737,267.594,0,1,0
6843,4.816,207.641,0,1,0
6844,3.153,317.158,0,1,0
6845,5.254,190.331,0,1,0
6846,3.960,252.525,0,1,0
6847,4.700,212.766,0,1,0
6848,3.002,333.111,0,1,0
6849,3.936,254.065,0,1,0
6850,3.639,274.801,0,1,0
6851,2.912,343.407,0,1,0
6852,2.299,434.972,0,1,0
6853,4.201,238.039,0,1,0
6854,3.355,298.063,0,1,0
6855,3.939,253.872,0,1,0
6856,3.519,284.172,0,1,0
6857,4.859,205.804,0,1,0
6858,3.847,259.943,0,1,0
6859,4.401,227.221,0,1,0
6860,4.523,221.092,0,1,0
6861,3.119,320.616,0,1,0
6862,2.048,488.281,0,1,0
6863,3.032,329.815,0,1,0
6864,5.273,189.645,0,1,0
6865,2.629,380.373,0,1,0
6866,4.077,245.278,0,1,0
6867,4.607,217.061,0,1,0
6868,3.505,285.307,0,1,0
6869,5.302,188.608,0,1,0
6870,3.794,263.574,0,1,0
6871,3.978,251.383,0,1,0
6872,4.372,228.728,0,1,0
6873,6.069,164.772,0,1,0
6874,4.199,238.152,0,1,0
6875,4.852,206.101,0,1,0
6876,3.612,276.855,0,1,0
6877,4.733,211.282,0,1,0
6878,3.609,277.085,0,1,0
6879,4.570,218.818,0,1,0
6880,3.083,324.359,0,1,0
6881,4.543,220.119,0,1,0
6882,3.916,255.363,0,1,0
6883,4.403,227.118,0,1,0
6884,3.406,293.600,0,1,0
6885,3.118,320.718,0,1,0
6886,3.483,287.109,0,1,0
6887,4.057,246.488,0,1,0
6888,3.388,295.159,0,1,0
6889,3.958,252.653,0,1,0
6890,2.833,352.983,0,1,0
6891,3.793,263.644,0,1,0
6892,3.598,277.932,0,1,0
6893,3.343,299.133,0,1,0
6894,4.154,240.732,0,1,0
6895,2.578,387.898,0,1,0
6896,2.110,473.934,0,1,0
6897,2.464,405.844,0,1,0
6898,5.233,191.095,0,1,0
6899,2.289,436.872,0,1,0
6900,2.751,363.504,0,1,0
6901,1.874,533.618,0,1,0
6902,1.928,518.672,0,1,0
6903,4.281,233.590,0,1,0
6904,3.213,311.236,0,1,0
6905,5.069,197.278,0,1,0
6906,2.684,372.578,0,1,0
6907,3.672,272.331,0,1,0
6908,3.874,258.131,0,1,0
6909,2.028,493.097,0,1,0
6910,4.126,242.365,0,1,0
6911,3.749,266.738,0,1,0
6912,3.834,260.824,0,1,0
6913,4.081,245.038,0,1,0
6914,5.025,199.005,0,1,0
6915,3.599,277.855,0,1,0
6916,5.237,190.949,0,1,0
6917,2.766,361.533,0,1,0
6918,2.835,352.734,0,1,0
6919,4.988,200.481,0,1,0
6920,3.523,283.849,0,1,0
6921,3.797,263.366,0,1,0
6922,4.213,237.361,0,1,0
6923,3.216,310.945,0,1,0
6924,4.184,239.006,0,1,0
6925,3.578,279.486,0,1,0
6926,4.548,219.877,0,1,0
6927,2.816,355.114,0,1,0
6928,2.491,401.445,0,1,0
6929,3.718,268.962,0,1,0
6930,3.015,331.675,0,1,0
6931,3.983,251.067,0,1,0
6932,2.883,346.861,0,1,0
6933,2.297,435.350,0,1,0
6934,3.948,253.293,0,1,0
6935,3.721,268.745,0,1,0
6936,3.035,329.489,0,1,0
6937,4.313,231.857,0,1,0
6938,2.714,368.460,0,1,0
6939,3.129,319.591,0,1,0
6940,3.576,279.642,0,1,0
6941,4.828,207.125,0,1,0
6942,2.350,425.532,0,1,0
6943,4.094,244.260,0,1,0
6944,3.452,289.687,0,1,0
6945,5.358,186.637,0,1,0
6946,3.808,262.605,0,1,0
6947,4.730,211.416,0,1,0
6948,2.211,452.284,0,1,0
6949,4.888,204.583,0,1,0
6950,3.157,316.756,0,1,0
6951,3.065,326.264,0,1,0
6952,3.185,313.972,0,1,0
6953,4.012,249.252,0,1,0
6954,4.680,213.675,0,1,0
6955,4.719,211.909,0,1,0
6956,4.016,249.004,0,1,0
6957,2.769,361.141,0,1,0
6958,4.740,210.970,0,1,0
6959,3.721,268.745,0,1,0
6960,3.562,280.741,0,1,0
6961,2.859,349.773,0,1,0
6962,3.608,277.162,0,1,0
6963,3.863,258.866,0,1,0
6964,4.646,215.239,0,1,0
6965,2.997,333.667,0,1,0
6966,3.488,286.697,0,1,0
6967,4.444,225.023,0,1,0
6968,4.365,229.095,0,1,0
6969,5.511,181.455,0,1,0
6970,3.606,277.316,0,1,0
6971,3.105,322.061,0,1,0
6972,3.411,293.169,0,1,0
6973,3.849,259.808,0,1,0
6974,3.526,283.607,0,1,0
6975,3.550,281.690,0,1,0
6976,2.562,390.320,0,1,0
6977,2.858,349.895,0,1,0
6978,3.161,316.356,0,1,0
6979,3.265,306.279,0,1,0
6980,3.893,256.871,0,1,0
6981,2.692,371.471,0,1,0
6982,4.735,211.193,0,1,0
6983,3.836,260.688,0,1,0
6984,3.777,264.760,0,1,0
6985,2.874,347.947,0,1,0
6986,4.412,226.655,0,1,0
6987,4.008,249.501,0,1,0
6988,5.598,178.635,0,1,0
6989,3.275,305.344,0,1,0
6990,3.983,251.067,0,1,0
6991,3.704,269.978,0,1,0
6992,3.937,254.001,0,1,0
6993,3.668,272.628,0,1,0
6994,4.061,246.245,0,1,0
6995,3.216,310.945,0,1,0
6996,1.554,643.501,0,1,0
6997,2.205,453.515,0,1,0
6998,2.539,393.856,0,1,0
6999,3.310,302.115,0,1,0
7000,3.342,299.222,0,1,0
7001,2.778,359.971,0,1,0
7002,2.794,357.910,0,1,0
7003,2.483,402.739,0,1,0
7004,3.610,277.008,0,1,0
7005,2.835,352.734,0,1,0
7006,4.025,248.447,0,1,0
7007,4.899,204.123,0,1,0
7008,4.277,233.809,0,1,0
7009,3.780,264.550,0,1,0
7010,3.048,328.084,0,1,0
7011,3.859,259.134,0,1,0
7012,2.342,426.985,0,1,0
7013,4.630,215.983,0,1,0
7014,2.949,339.098,0,1,0
7015,4.526,220.946,0,1,0
7016,3.706,269.833,0,1,0
7017,4.807,208.030,0,1,0
7018,3.102,322.373,0,1,0
7019,4.940,202.429,0,1,0
7020,2.994,334.001,0,1,0
7021,3.171,315.358,0,1,0
7022,4.172,239.693,0,1,0
7023,5.315,188.147,0,1,0
7024,3.613,276.778,0,1,0
7025,4.870,205.339,0,1,0
7026,3.585,278.940,0,1,0
7027,3.227,309.885,0,1,0
7028,4.732,211.327,0,1,0
7029,2.439,410.004,0,1,0
7030,3.686,271.297,0,1,0
7031,4.635,215.750,0,1,0
7032,3.036,329.381,0,1,0
7033,3.834,260.824,0,1,0
7034,3.188,313.676,0,1,0
7035,3.896,256.674,0,1,0
7036,3.728,268.240,0,1,0
7037,4.730,211.416,0,1,0
7038,2.823,354.233,0,1,0
7039,3.975,251.572,0,1,0
7040,3.601,277.701,0,1,0
7041,4.633,215.843,0,1,0
7042,3.152,317.259,0,1,0
7043,3.686,271.297,0,1,0
7044,2.310,432.900,0,1,0
7045,2.813,355.492,0,1,0
7046,4.358,229.463,0,1,0
7047,3.521,284.010,0,1,0
7048,2.487,402.091,0,1,0
7049,2.948,339.213,0,1,0
7050,4.010,249.377,0,1,0
7051,2.099,476.417,0,1,0
7052,2.000,500.000,0,1,0
7053,2.289,436.872,0,1,0
7054,1.996,501.002,0,1,0
7055,3.503,285.470,0,1,0
7056,1.882,531.350,0,1,0
7057,1.698,588.928,0,1,0
7058,1.413,707.714,0,1,0
7059,2.543,393.236,0,1,0
7060,2.964,337.382,0,1,0
7061,1.753,570.451,0,1,0
7062,2.311,432.713,0,1,0
7063,1.963,509.424,0,1,0
7064,5.095,196.271,0,1,0
7065,2.724,367.107,0,1,0
7066,2.675,373.832,0,1,0
7067,4.812,207.814,0,1,0
7068,2.234,447.628,0,1,0
7069,3.075,325.203,0,1,0
7070,1.663,601.323,0,1,0
7071,2.772,360.750,0,1,0
7072,3.629,275.558,0,1,0
7073,3.287,304.229,0,1,0
7074,2.091,478.240,0,1,0
7075,2.228,448.833,0,1,0
7076,1.988,503.018,0,1,0
7077,2.393,417.885,0,1,0
7078,2.908,343.879,0,1,0
7079,3.225,310.078,0,1,0
7080,2.883,346.861,0,1,0
7081,2.338,427.716,0,1,0
7082,1.930,518.135,0,1,0
7083,1.422,703.235,0,1,0
7084,2.097,476.872,0,1,0
7085,4.385,228.050,0,1,0
7086,2.435,410.678,0,1,0
7087,4.597,217.533,0,1,0
7088,2.831,353.232,0,1,0
7089,4.741,210.926,0,1,0
7090,3.350,298.507,0,1,0
7091,4.584,218.150,0,1,0
7092,3.282,304.692,0,1,0
7093,4.853,206.058,0,1,0
7094,3.571,280.034,0,1,0
7095,4.473,223.564,0,1,0
7096,3.085,324.149,0,1,0
7097,3.603,277.546,0,1,0
7098,3.777,264.760,0,1,0
7099,3.754,266.383,0,1,0
7100,3.765,265.604,0,1,0
7101,5.591,178.859,0,1,0
7102,2.241,446.229,0,1,0
7103,3.918,255.232,0,1,0
7104,4.699,212.811,0,1,0
7105,3.042,328.731,0,1,0
7106,4.764,209.908,0,1,0
7107,2.570,389.105,0,1,0
7108,3.542,282.326,0,1,0
7109,3.249,307.787,0,1,0
7110,3.011,332.116,0,1,0
7111,2.660,375.940,0,1,0
7112,3.632,275.330,0,1,0
7113,3.401,294.031,0,1,0
7114,3.691,270.929,0,1,0
7115,3.016,331.565,0,1,0
7116,3.492,286.369,0,1,0
7117,4.041,247.463,0,1,0
7118,4.631,215.936,0,1,0
7119,4.137,241.721,0,1,0
7120,4.287,233.263,0,1,0
7121,4.492,222.618,0,1,0
7122,3.883,257.533,0,1,0
7123,4.007,249.563,0,1,0
7124,3.776,264.831,0,1,0
7125,2.353,424.989,0,1,0
7126,2.412,414.594,0,1,0
7127,1.711,584.454,0,1,0
7128,2.405,415.800,0,1,0
7129,2.501,399.840,0,1,0
7130,3.037,329.272,0,1,0
7131,2.626,380.807,0,1,0
7132,3.586,278.862,0,1,0
7133,2.411,414.766,0,1,0
7134,1.916,521.921,0,1,0
7135,3.498,285.878,0,1,0
7136,1.921,520.562,0,1,0
7137,2.423,412.712,0,1,0
7138,2.412,414.594,0,1,0
7139,2.060,485.437,0,1,0
7140,2.332,428.816,0,1,0
7141,2.701,370.233,0,1,0
7142,2.182,458.295,0,1,0
7143,2.619,381.825,0,1,0
7144,2.855,350.263,0,1,0
7145,2.181,458.505,0,1,0
7146,2.822,354.359,0,1,0
7147,2.147,465.766,0,1,0
7148,3.916,255.363,0,1,0
7149,1.969,507.872,0,1,0
7150,2.883,346.861,0,1,0
7151,1.118,894.454,0,1,0
7152,1.386,721.501,0,1,0
7153,2.492,401.284,0,1,0
7154,2.596,385.208,0,1,0
7155,2.026,493.583,0,1,0
7156,2.152,464.684,0,1,0
7157,2.804,356.633,0,1,0
7158,1.408,710.227,0,1,0
7159,2.131,469.263,0,1,0
7160,1.731,577.701,0,1,0
7161,2.257,443.066,0,1,0
7162,1.716,582.751,0,1,0
7163,1.822,548.847,0,1,0
7164,2.985,335.008,0,1,0
7165,3.418,292.569,0,1,0
7166,2.311,432.713,0,1,0
7167,2.107,474.608,0,1,0
7168,2.092,478.011,0,1,0
7169,3.476,287.687,0,1,0
7170,2.236,447.227,0,1,0
7171,2.093,477.783,0,1,0
7172,5.402,185.117,0,1,0
7173,2.442,409.500,0,1,0
7174,4.368,228.938,0,1,0
7175,3.008,332.447,0,1,0
7176,2.671,374.392,0,1,0
7177,2.853,350.508,0,1,0
7178,3.622,276.091,0,1,0
7179,3.648,274.123,0,1,0
7180,3.729,268.168,0,1,0
7181,2.334,428.449,0,1,0
7182,5.760,173.611,0,1,0
7183,4.146,241.196,0,1,0
7184,4.114,243.072,0,1,0
7185,3.382,295.683,0,1,0
7186,5.417,184.604,0,1,0
7187,6.571,152.184,0,1,0
7188,2.985,335.008,0,1,0
7189,5.750,173.913,0,1,0
7190,2.922,342.231,0,1,0
7191,6.178,161.865,0,1,0
7192,3.367,297.000,0,1,0
7193,4.588,217.960,0,1,0
7194,5.518,181.225,0,1,0
7195,2.742,364.697,0,1,0
7196,4.115,243.013,0,1,0
7197,2.265,441.501,0,1,0
7198,2.581,387.447,0,1,0
7199,3.563,280.662,0,1,0
7200,2.911,343.525,0,1,0
7201,2.243,445.831,0,1,0
7202,1.514,660.502,0,1,0
7203,2.005,498.753,0,1,0
7204,3.063,326.477,0,1,0
7205,4.155,240.674,0,1,0
7206,2.936,340.599,0,1,0
7207,1.701,587.889,0,1,0
7208,3.546,282.008,0,1,0
7209,2.235,447.427,0,1,0
7210,4.636,215.703,0,1,0
7211,2.612,382.848,0,1,0
7212,2.864,349.162,0,1,0
7213,3.001,333.222,0,1,0
7214,4.286,233.318,0,1,0
7215,3.654,273.673,0,1,0
7216,3.646,274.273,0,1,0
7217,3.814,262.192,0,1,0
7218,2.005,498.753,0,1,0
7219,4.554,219.587,0,1,0
7220,3.971,251.826,0,1,0
7221,4.563,219.154,0,1,0
7222,3.835,260.756,0,1,0
7223,4.165,240.096,0,1,0
7224,2.801,357.015,0,1,0
7225,4.394,227.583,0,1,0
7226,2.785,359.066,0,1,0
7227,3.835,260.756,0,1,0
7228,4.426,225.938,0,1,0
7229,4.851,206.143,0,1,0
7230,4.070,245.700,0,1,0
7231,5.829,171.556,0,1,0
7232,3.677,271.961,0,1,0
7233,4.545,220.022,0,1,0
7234,3.881,257.666,0,1,0
7235,2.951,338.868,0,1,0
7236,5.459,183.184,0,1,0
7237,3.291,303.859,0,1,0
7238,4.248,235.405,0,1,0
7239,4.462,224.115,0,1,0
7240,3.613,276.778,0,1,0
7241,2.579,387.747,0,1,0
7242,3.642,274.574,0,1,0
7243,4.214,237.304,0,1,0
7244,2.128,469.925,0,1,0
7245,3.648,274.123,0,1,0
7246,5.092,196.386,0,1,0
7247,4.344,230.203,0,1,0
7248,2.374,421.230,0,1,0
7249,2.978,335.796,0,1,0
7250,2.579,387.747,0,1,0
7251,3.837,260.620,0,1,0
7252,2.846,351.370,0,1,0
7253,4.667,214.270,0,1,0
7254,5.736,174.338,0,1,0
7255,4.153,240.790,0,1,0
7256,2.469,405.022,0,1,0
7257,3.333,300.030,0,1,0
7258,3.121,320.410,0,1,0
7259,3.640,274.725,0,1,0
7260,2.628,380.518,0,1,0
7261,3.456,289.352,0,1,0
7262,5.246,190.621,0,1,0
7263,3.786,264.131,0,1,0
7264,3.451,289.771,0,1,0
7265,4.575,218.579,0,1,0
7266,4.972,201.126,0,1,0
7267,2.463,406.009,0,1,0
7268,3.635,275.103,0,1,0
7269,2.804,356.633,0,1,0
7270,2.300,434.783,0,1,0
7271,4.310,232.019,0,1,0
7272,2.919,342.583,0,1,0
7273,3.168,315.657,0,1,0
7274,3.094,323.206,0,1,0
7275,5.068,197.316,0,1,0
7276,2.963,337.496,0,1,0
7277,3.590,278.552,0,1,0
7278,2.304,434.028,0,1,0
7279,4.837,206.740,0,1,0
7280,4.312,231.911,0,1,0
7281,4.620,216.450,0,1,0
7282,3.514,284.576,0,1,0
7283,4.269,234.247,0,1,0
7284,3.395,294.551,0,1,0
7285,4.729,211.461,0,1,0
7286,3.480,287.356,0,1,0
7287,4.262,234.632,0,1,0
7288,3.372,296.560,0,1,0
7289,5.376,186.012,0,1,0
7290,3.071,325.627,0,1,0
7291,4.142,241.429,0,1,0
7292,2.704,369.822,0,1,0
7293,3.147,317.763,0,1,0
7294,2.106,474.834,0,1,0
7295,2.141,467.071,0,1,0
7296,3.074,325.309,0,1,0
7297,2.287,437.254,0,1,0
7298,2.500,400.000,0,1,0
7299,2.194,455.789,0,1,0
7300,2.685,372.439,0,1,0
7301,2.497,400.481,0,1,0
7302,3.857,259.269,0,1,0
7303,3.006,332.668,0,1,0
7304,4.692,213.129,0,1,0
7305,2.389,418.585,0,1,0
7306,2.152,464.684,0,1,0
7307,3.995,250.313,0,1,0
7308,2.711,368.868,0,1,0
7309,3.177,314.762,0,1,0
7310,2.168,461.255,0,1,0
7311,4.525,220.994,0,1,0
7312,5.503,181.719,0,1,0
7313,2.791,358.295,0,1,0
7314,3.643,274.499,0,1,0
7315,3.245,308.166,0,1,0
7316,4.011,249.314,0,1,0
7317,3.339,299.491,0,1,0
7318,3.484,287.026,0,1,0
7319,3.226,309.981,0,1,0
7320,3.103,322.269,0,1,0
7321,3.782,264.410,0,1,0
7322,2.730,366.300,0,1,0
7323,4.474,223.514,0,1,0
7324,2.510,398.406,0,1,0
7325,2.496,400.641,0,1,0
7326,4.591,217.817,0,1,0
7327,2.160,462.963,0,1,0
7328,3.450,289.855,0,1,0
7329,3.725,268.456,0,1,0
7330,4.364,229.148,0,1,0
7331,2.338,427.716,0,1,0
7332,4.346,230.097,0,1,0
7333,1.983,504.286,0,1,0
7334,3.119,320.616,0,1,0
7335,3.957,252.717,0,1,0
7336,2.423,412.712,0,1,0
7337,3.433,291.290,0,1,0
7338,2.972,336.474,0,1,0
7339,3.817,261.986,0,1,0
7340,4.002,249.875,0,1,0
7341,3.488,286.697,0,1,0
7342,3.726,268.384,0,1,0
7343,3.015,331.675,0,1,0
7344,5.956,167.898,0,1,0
7345,2.638,379.075,0,1,0
7346,4.192,238.550,0,1,0
7347,4.566,219.010,0,1,0
7348,3.808,262.605,0,1,0
7349,3.353,298.240,0,1,0
7350,4.266,234.412,0,1,0
7351,3.844,260.146,0,1,0
7352,3.820,261.780,0,1,0
7353,3.655,273.598,0,1,0
7354,3.653,273.748,0,1,0
7355,2.431,411.353,0,1,0
7356,2.748,363.901,0,1,0
7357,2.293,436.110,0,1,0
7358,2.435,410.678,0,1,0
7359,5.205,192.123,0,1,0
7360,3.259,306.843,0,1,0
7361,2.749,363.769,0,1,0
7362,2.252,444.050,0,1,0
7363,3.612,276.855,0,1,0
7364,3.963,252.334,0,1,0
7365,2.968,336.927,0,1,0
7366,3.189,313.578,0,1,0
7367,3.231,309.502,0,1,0
7368,3.205,312.012,0,1,0
7369,3.930,254.453,0,1,0
7370,2.084,479.846,0,1,0
7371,2.723,367.242,0,1,0
7372,2.825,353.982,0,1,0
7373,2.593,385.654,0,1,0
7374,3.863,258.866,0,1,0
7375,4.820,207.469,0,1,0
7376,5.046,198.177,0,1,0
7377,5.472,182.749,0,1,0
7378,3.926,254.712,0,1,0
7379,5.106,195.848,0,1,0
7380,2.584,386.997,0,1,0
7381,5.582,179.147,0,1,0
7382,2.754,363.108,0,1,0
7383,4.406,226.963,0,1,0
7384,4.118,242.836,0,1,0
7385,5.033,198.689,0,1,0
7386,3.198,312.695,0,1,0
7387,3.543,282.247,0,1,0
7388,3.332,300.120,0,1,0
7389,3.112,321.337,0,1,0
7390,2.540,393.701,0,1,0
7391,3.629,275.558,0,1,0
7392,2.380,420.168,0,1,0
7393,2.926,341.763,0,1,0
7394,3.282,304.692,0,1,0
7395,4.301,232.504,0,1,0
7396,3.161,316.356,0,1,0
7397,4.621,216.403,0,1,0
7398,2.760,362.319,0,1,0
7399,5.475,182.648,0,1,0
7400,2.264,441.696,0,1,0
7401,3.600,277.778,0,1,0
7402,2.847,351.247,0,1,0
7403,4.140,241.546,0,1,0
7404,3.366,297.089,0,1,0
7405,5.366,186.359,0,1,0
7406,2.606,383.730,0,1,0
7407,4.985,200.602,0,1,0
7408,4.076,245.339,0,1,0
7409,4.795,208.551,0,1,0
7410,2.373,421.408,0,1,0
7411,2.633,379.795,0,1,0
7412,2.402,416.320,0,1,0
7413,5.465,182.983,0,1,0
7414,2.978,335.796,0,1,0
7415,4.335,230.681,0,1,0
7416,4.265,234.467,0,1,0
7417,5.506,181.620,0,1,0
7418,3.647,274.198,0,1,0
7419,3.985,250.941,0,1,0
7420,4.952,201.939,0,1,0
7421,3.969,251.953,0,1,0
7422,5.262,190.042,0,1,0
7423,3.156,316.857,0,1,0
7424,4.508,221.828,0,1,0
7425,2.986,334.896,0,1,0
7426,3.451,289.771,0,1,0
7427,4.244,235.627,0,1,0
7428,4.416,226.449,0,1,0
7429,3.535,282.885,0,1,0
7430,4.833,206.911,0,1,0
7431,3.139,318.573,0,1,0
7432,4.782,209.118,0,1,0
7433,3.949,253.229,0,1,0
7434,5.468,182.882,0,1,0
7435,4.117,242.895,0,1,0
7436,2.722,367.377,0,1,0
7437,3.331,300.210,0,1,0
7438,3.597,278.009,0,1,0
7439,2.745,364.299,0,1,0
7440,3.171,315.358,0,1,0
7441,3.910,255.754,0,1,0
7442,4.379,228.363,0,1,0
7443,3.843,260.213,0,1,0
7444,4.028,248.262,0,1,0
7445,3.855,259.403,0,1,0
7446,3.556,281.215,0,1,0
7447,4.248,235.405,0,1,0
7448,4.115,243.013,0,1,0
7449,3.890,257.069,0,1,0
7450,3.546,282.008,0,1,0
7451,3.483,287.109,0,1,0
7452,4.638,215.610,0,1,0
7453,2.747,364.033,0,1,0
7454,3.905,256.082,0,1,0
7455,3.312,301.932,0,1,0
7456,4.263,234.577,0,1,0
7457,4.781,209.161,0,1,0
7458,3.143,318.167,0,1,0
7459,3.697,270.490,0,1,0
7460,5.174,193.274,0,1,0
7461,3.394,294.638,0,1,0
7462,4.118,242.836,0,1,0
7463,3.545,282.087,0,1,0
7464,4.326,231.160,0,1,0
7465,4.414,226.552,0,1,0
7466,3.163,316.156,0,1,0
7467,3.772,265.111,0,1,0
7468,4.134,241.896,0,1,0
7469,3.346,298.864,0,1,0
7470,3.649,274.048,0,1,0
7471,3.365,297.177,0,1,0
7472,4.124,242.483,0,1,0
7473,3.535,282.885,0,1,0
7474,2.990,334.448,0,1,0
7475,3.601,277.701,0,1,0
7476,4.839,206.654,0,1,0
7477,3.079,324.781,0,1,0
7478,6.351,157.456,0,1,0
7479,6.346,157.580,0,1,0
7480,3.854,259.471,0,1,0
7481,4.265,234.467,0,1,0
7482,3.221,310.463,0,1,0
7483,3.773,265.041,0,1,0
7484,3.018,331.345,0,1,0
7485,3.072,325.521,0,1,0
7486,3.523,283.849,0,1,0
7487,2.754,363.108,0,1,0
7488,2.306,433.651,0,1,0
7489,2.247,445.038,0,1,0
7490,2.602,384.320,0,1,0
7491,2.905,344.234,0,1,0
7492,2.242,446.030,0,1,0
7493,3.090,323.625,0,1,0
7494,2.553,391.696,0,1,0
7495,4.225,236.686,0,1,0
7496,3.809,262.536,0,1,0
7497,3.253,307.409,0,1,0
7498,3.992,250.501,0,1,0
7499,4.113,243.132,0,1,0
7500,3.636,275.028,0,1,0
7501,4.548,219.877,0,1,0
7502,3.633,275.255,0,1,0
7503,4.173,239.636,0,1,0
7504,3.245,308.166,0,1,0
7505,2.533,394.789,0,1,0
7506,2.326,429.923,0,1,0
7507,3.579,279.408,0,1,0
7508,3.754,266.383,0,1,0
7509,3.638,274.876,0,1,0
7510,2.646,377.929,0,1,0
7511,2.530,395.257,0,1,0
7512,2.423,412.712,0,1,0
7513,2.351,425.351,0,1,0
7514,3.722,268.673,0,1,0
7515,4.089,244.559,0,1,0
7516,3.485,286.944,0,1,0
7517,2.367,422.476,0,1,0
7518,4.084,244.858,0,1,0
7519,4.304,232.342,0,1,0
7520,3.139,318.573,0,1,0
7521,1.844,542.299,0,1,0
7522,2.517,397.298,0,1,0
7523,3.593,278.319,0,1,0
7524,2.515,397.614,0,1,0
7525,2.688,372.024,0,1,0
7526,4.677,213.812,0,1,0
7527,2.019,495.295,0,1,0
7528,2.738,365.230,0,1,0
7529,2.515,397.614,0,1,0
7530,2.010,497.512,0,1,0
7531,3.418,292.569,0,1,0
7532,2.348,425.894,0,1,0
7533,2.563,390.168,0,1,0
7534,2.389,418.585,0,1,0
7535,3.264,306.373,0,1,0
7536,3.622,276.091,0,1,0
7537,2.500,400.000,0,1,0
7538,2.263,441.891,0,1,0
7539,3.634,275.179,0,1,0
7540,3.123,320.205,0,1,0
7541,2.758,362.582,0,1,0
7542,2.264,441.696,0,1,0
7543,2.808,356.125,0,1,0
7544,1.737,575.705,0,1,0
7545,2.846,351.370,0,1,0
7546,2.993,334.113,0,1,0
7547,2.435,410.678,0,1,0
7548,2.052,487.329,0,1,0
7549,2.562,390.320,0,1,0
7550,3.093,323.311,0,1,0
7551,3.452,289.687,0,1,0
7552,2.108,474.383,0,1,0
7553,2.951,338.868,0,1,0
7554,2.571,388.954,0,1,0
7555,3.733,267.881,0,1,0
7556,4.547,219.925,0,1,0
7557,2.060,485.437,0,1,0
7558,3.009,332.336,0,1,0
7559,2.786,358.938,0,1,0
7560,3.392,294.811,0,1,0
7561,4.048,247.036,0,1,0
7562,2.312,432.526,0,1,0
7563,2.278,438.982,0,1,0
7564,2.359,423.908,0,1,0
7565,2.834,352.858,0,1,0
7566,1.923,520.021,0,1,0
7567,2.514,397.772,0,1,0
7568,3.289,304.044,0,1,0
7569,2.082,480.307,0,1,0
7570,3.906,256.016,0,1,0
7571,3.505,285.307,0,1,0
7572,2.166,461.681,0,1,0
7573,2.156,463.822,0,1,0
7574,2.864,349.162,0,1,0
7575,2.998,333.556,0,1,0
7576,3.279,304.971,0,1,0
7577,2.182,458.295,0,1,0
7578,3.729,268.168,0,1,0
7579,2.464,405.844,0,1,0
7580,3.266,306.185,0,1,0
7581,2.923,342.114,0,1,0
7582,2.592,385.802,0,1,0
7583,3.375,296.296,0,1,0
7584,2.207,453.104,0,1,0
7585,2.067,483.793,0,1,0
7586,2.052,487.329,0,1,0
7587,1.465,682.594,0,1,0
7588,1.840,543.478,0,1,0
7589,2.568,389.408,0,1,0
7590,2.486,402.253,0,1,0
7591,3.072,325.521,0,1,0
7592,4.391,227.739,0,1,0
7593,1.889,529.381,0,1,0
7594,3.578,279.486,0,1,0
7595,2.491,401.445,0,1,0
7596,2.702,370.096,0,1,0
7597,1.992,502.008,0,1,0
7598,2.090,478.469,0,1,0
7599,2.505,399.202,0,1,0
7600,2.867,348.797,0,1,0
7601,3.062,326.584,0,1,0
7602,2.886,346.500,0,1,0
7603,3.385,295.421,0,1,0
7604,3.160,316.456,0,1,0
7605,2.130,469.484,0,1,0
7606,2.540,393.701,0,1,0
7607,2.645,378.072,0,1,0
7608,3.133,319.183,0,1,0
7609,2.221,450.248,0,1,0
7610,2.249,444.642,0,1,0
7611,4.080,245.098,0,1,0
7612,2.936,340.599,0,1,0
7613,2.912,343.407,0,1,0
7614,2.776,360.231,0,1,0
7615,3.310,302.115,0,1,0
7616,2.849,351.000,0,1,0
7617,2.789,358.551,0,1,0
7618,3.557,281.136,0,1,0
7619,3.308,302.297,0,1,0
7620,4.066,245.942,0,1,0
7621,5.197,192.419,0,1,0
7622,4.037,247.709,0,1,0
7623,5.115,195.503,0,1,0
7624,4.944,202.265,0,1,0
7625,5.203,192.197,0,1,0
7626,3.525,283.688,0,1,0
7627,6.129,163.159,0,1,0
7628,5.777,173.100,0,1,0
7629,3.948,253.293,0,1,0
7630,4.715,212.089,0,1,0
7631,4.005,249.688,0,1,0
7632,2.404,415.973,0,1,0
7633,2.767,361.402,0,1,0
7634,2.580,387.597,0,1,0
7635,2.575,388.350,0,1,0
7636,2.280,438.596,0,1,0
7637,3.068,325.945,0,1,0
7638,2.237,447.027,0,1,0
7639,4.389,227.842,0,1,0
7640,2.146,465.983,0,1,0
7641,2.654,376.790,0,1,0
7642,2.201,454.339,0,1,0
7643,1.864,536.481,0,1,0
7644,2.156,463.822,0,1,0
7645,2.770,361.011,0,1,0
7646,1.840,543.478,0,1,0
7647,1.707,585.823,0,1,0
7648,2.669,374.672,0,1,0
7649,3.148,317.662,0,1,0
7650,1.673,597.729,0,1,0
7651,1.668,599.520,0,1,0
7652,1.895,527.704,0,1,0
7653,2.408,415.282,0,1,0
7654,3.771,265.182,0,1,0
7655,3.126,319.898,0,1,0
7656,2.583,387.147,0,1,0
7657,3.970,251.889,0,1,0
7658,2.243,445.831,0,1,0
7659,3.305,302.572,0,1,0
7660,3.757,266.170,0,1,0
7661,3.517,284.333,0,1,0
7662,2.874,347.947,0,1,0
7663,3.146,317.864,0,1,0
7664,3.125,320.000,0,1,0
7665,1.953,512.033,0,1,0
7666,2.858,349.895,0,1,0
7667,3.142,318.269,0,1,0
7668,2.672,374.251,0,1,0
7669,4.952,201.939,0,1,0
7670,3.970,251.889,0,1,0
7671,4.463,224.065,0,1,0
7672,2.820,354.610,0,1,0
7673,3.591,278.474,0,1,0
7674,3.005,332.779,0,1,0
7675,4.134,241.896,0,1,0
7676,3.995,250.313,0,1,0
7677,3.432,291.375,0,1,0
7678,2.458,406.835,0,1,0
7679,2.812,355.619,0,1,0
7680,4.325,231.214,0,1,0
7681,3.590,278.552,0,1,0
7682,2.991,334.336,0,1,0
7683,2.802,356.888,0,1,0
7684,3.461,288.934,0,1,0
7685,2.091,478.240,0,1,0
7686,3.038,329.164,0,1,0
7687,4.382,228.206,0,1,0
7688,3.229,309.693,0,1,0
7689,3.741,267.308,0,1,0
7690,3.138,318.674,0,1,0
7691,4.579,218.388,0,1,0
7692,3.950,253.165,0,1,0
7693,5.122,195.236,0,1,0
7694,2.946,339.443,0,1,0
7695,3.289,304.044,0,1,0
7696,3.018,331.345,0,1,0
7697,3.825,261.438,0,1,0
7698,3.947,253.357,0,1,0
7699,3.433,291.290,0,1,0
7700,2.787,358.809,0,1,0
7701,2.871,348.311,0,1,0
7702,1.876,533.049,0,1,0
7703,2.934,340.832,0,1,0
7704,3.520,284.091,0,1,0
7705,3.197,312.793,0,1,0
7706,3.799,263.227,0,1,0
7707,3.768,265.393,0,1,0
7708,3.806,262.743,0,1,0
7709,2.507,398.883,0,1,0
7710,9.171,109.039,0,1,0
7711,3.947,253.357,0,1,0
7712,3.369,296.824,0,1,0
7713,4.055,246.609,0,1,0
7714,4.747,210.659,0,1,0
7715,3.086,324.044,0,1,0
7716,2.866,348.918,0,1,0
7717,2.557,391.083,0,1,0
7718,3.791,263.783,0,1,0
7719,3.166,315.856,0,1,0
7720,3.826,261.370,0,1,0
7721,3.153,317.158,0,1,0
7722,4.711,212.269,0,1,0
7723,3.198,312.695,0,1,0
7724,3.050,327.869,0,1,0
7725,2.520,396.825,0,1,0
7726,3.420,292.398,0,1,0
7727,2.267,441.112,0,1,0
7728,1.872,534.188,0,1,0
7729,2.237,447.027,0,1,0
7730,3.280,304.878,0,1,0
7731,3.809,262.536,0,1,0
7732,2.952,338.753,0,1,0
7733,2.242,446.030,0,1,0
7734,3.946,253.421,0,1,0
7735,1.698,588.928,0,1,0
7736,2.814,355.366,0,1,0
7737,1.531,653.168,0,1,0
7738,3.717,269.034,0,1,0
7739,2.884,346.741,0,1,0
7740,2.671,374.392,0,1,0
7741,2.589,386.250,0,1,0
7742,3.178,314.663,0,1,0
7743,3.761,265.887,0,1,0
7744,5.297,188.786,0,1,0
7745,3.977,251.446,0,1,0
7746,4.247,235.460,0,1,0
7747,3.540,282.486,0,1,0
7748,4.155,240.674,0,1,0
7749,3.072,325.521,0,1,0
7750,4.044,247.280,0,1,0
7751,3.319,301.296,0,1,0
7752,3.796,263.435,0,1,0
7753,3.457,289.268,0,1,0
7754,2.793,358.038,0,1,0
7755,2.911,343.525,0,1,0
7756,4.489,222.767,0,1,0
7757,3.753,266.454,0,1,0
7758,4.074,245.459,0,1,0
7759,3.175,314.961,0,1,0
7760,4.269,234.247,0,1,0
7761,3.097,322.893,0,1,0
7762,4.178,239.349,0,1,0
7763,3.035,329.489,0,1,0
7764,4.067,245.881,0,1,0
7765,4.357,229.516,0,1,0
7766,4.883,204.792,0,1,0
7767,5.919,168.947,0,1,0
7768,2.836,352.609,0,1,0
7769,4.205,237.812,0,1,0
7770,3.300,303.030,0,1,0
7771,3.464,288.684,0,1,0
7772,5.128,195.008,0,1,0
7773,3.239,308.737,0,1,0
7774,4.187,238.834,0,1,0
7775,3.076,325.098,0,1,0
7776,4.565,219.058,0,1,0
7777,2.857,350.018,0,1,0
7778,6.536,152.999,0,1,0
7779,3.605,277.393,0,1,0
7780,4.361,229.305,0,1,0
7781,5.006,199.760,0,1,0
7782,2.614,382.555,0,1,0
7783,5.810,172.117,0,1,0
7784,3.270,305.810,0,1,0
7785,5.190,192.678,0,1,0
7786,4.752,210.438,0,1,0
7787,4.000,250.000,0,1,0
7788,4.114,243.072,0,1,0
7789,2.652,377.074,0,1,0
7790,4.676,213.858,0,1,0
7791,2.881,347.102,0,1,0
7792,2.662,375.657,0,1,0
7793,3.094,323.206,0,1,0
7794,3.592,278.396,0,1,0
7795,4.091,244.439,0,1,0
7796,4.783,209.074,0,1,0
7797,3.733,267.881,0,1,0
7798,4.001,249.938,0,1,0
7799,4.540,220.264,0,1,0
7800,4.579,218.388,0,1,0
7801,4.922,203.169,0,1,0
7802,3.181,314.367,0,1,0
7803,5.188,192.753,0,1,0
7804,4.660,214.592,0,1,0
7805,5.710,175.131,0,1,0
7806,4.909,203.707,0,1,0
7807,3.099,322.685,0,1,0
7808,4.904,203.915,0,1,0
7809,4.047,247.097,0,1,0
7810,4.222,236.855,0,1,0
7811,3.130,319.489,0,1,0
7812,2.848,351.124,0,1,0
7813,3.521,284.010,0,1,0
7814,4.164,240.154,0,1,0
7815,3.204,312.110,0,1,0
7816,3.605,277.393,0,1,0
7817,4.541,220.216,0,1,0
7818,4.734,211.238,0,1,0
7819,2.174,459.982,0,1,0
7820,4.710,212.314,0,1,0
7821,1.903,525.486,0,1,0
7822,4.984,200.642,0,1,0
7823,2.281,438.404,0,1,0
7824,2.943,339.789,0,1,0
7825,2.495,400.802,0,1,0
7826,2.721,367.512,0,1,0
7827,2.999,333.444,0,1,0
7828,2.755,362.976,0,1,0
7829,2.957,338.181,0,1,0
7830,3.302,302.847,0,1,0
7831,2.585,386.847,0,1,0
7832,2.957,338.181,0,1,0
7833,2.491,401.445,0,1,0
7834,3.469,288.268,0,1,0
7835,3.194,313.087,0,1,0
7836,2.968,336.927,0,1,0
7837,2.376,420.875,0,1,0
7838,4.964,201.450,0,1,0
7839,2.827,353.732,0,1,0
7840,1.851,540.249,0,1,0
7841,1.854,539.374,0,1,0
7842,1.448,690.608,0,1,0
7843,2.415,414.079,0,1,0
7844,3.103,322.269,0,1,0
7845,2.966,337.154,0,1,0
7846,2.316,431.779,0,1,0
7847,2.181,458.505,0,1,0
7848,2.875,347.826,0,1,0
7849,1.827,547.345,0,1,0
7850,1.878,532.481,0,1,0
7851,3.694,270.709,0,1,0
7852,2.386,419.111,0,1,0
7853,3.116,320.924,0,1,0
7854,3.567,280.348,0,1,0
7855,2.269,440.723,0,1,0
7856,2.067,483.793,0,1,0
7857,2.390,418.410,0,1,0
7858,2.318,431.406,0,1,0
7859,1.694,590.319,0,1,0
7860,2.417,413.736,0,1,0
7861,3.052,327.654,0,1,0
7862,1.750,571.429,0,1,0
7863,2.763,361.925,0,1,0
7864,3.857,259.269,0,1,0
7865,3.657,273.448,0,1,0
7866,2.662,375.657,0,1,0
7867,2.399,416.840,0,1,0
7868,3.610,277.008,0,1,0
7869,2.490,401.606,0,1,0
7870,4.474,223.514,0,1,0
7871,2.795,357.782,0,1,0
7872,3.139,318.573,0,1,0
7873,2.680,373.134,0,1,0
7874,2.563,390.168,0,1,0
7875,3.107,321.854,0,1,0
7876,3.223,310.270,0,1,0
7877,3.481,287.274,0,1,0
7878,3.767,265.463,0,1,0
7879,3.757,266.170,0,1,0
7880,4.425,225.989,0,1,0
7881,2.815,355.240,0,1,0
7882,4.730,211.416,0,1,0
7883,2.224,449.640,0,1,0
7884,4.256,234.962,0,1,0
7885,2.861,349.528,0,1,0
7886,3.860,259.067,0,1,0
7887,2.510,398.406,0,1,0
7888,2.974,336.247,0,1,0
7889,2.263,441.891,0,1,0
7890,2.671,374.392,0,1,0
7891,3.965,252.207,0,1,0
7892,3.140,318.471,0,1,0
7893,4.673,213.995,0,1,0
7894,3.400,294.118,0,1,0
7895,4.469,223.764,0,1,0
7896,3.770,265.252,0,1,0
7897,3.290,303.951,0,1,0
7898,3.416,292.740,0,1,0
7899,3.672,272.331,0,1,0
7900,2.256,443.262,0,1,0
7901,1.987,503.271,0,1,0
7902,2.601,384.468,0,1,0
7903,2.001,499.750,0,1,0
7904,2.682,372.856,0,1,0
7905,3.028,330.251,0,1,0
7906,2.831,353.232,0,1,0
7907,3.199,312.598,0,1,0
7908,2.456,407.166,0,1,0
7909,1.725,579.710,0,1,0
7910,2.961,337.724,0,1,0
7911,3.238,308.833,0,1,0
7912,2.301,434.594,0,1,0
7913,2.402,416.320,0,1,0
7914,3.999,250.063,0,1,0
7915,3.127,319.795,0,1,0
7916,2.481,403.063,0,1,0
7917,4.328,231.054,0,1,0
7918,4.303,232.396,0,1,0
7919,3.045,328.407,0,1,0
7920,4.419,226.296,0,1,0
7921,2.845,351.494,0,1,0
7922,2.840,352.113,0,1,0
7923,3.763,265.745,0,1,0
7924,3.636,275.028,0,1,0
7925,4.312,231.911,0,1,0
7926,2.945,339.559,0,1,0
7927,3.520,284.091,0,1,0
7928,2.283,438.020,0,1,0
7929,2.832,353.107,0,1,0
7930,2.376,420.875,0,1,0
7931,3.833,260.892,0,1,0
7932,4.041,247.463,0,1,0
7933,5.456,183.284,0,1,0
7934,4.444,225.023,0,1,0
7935,4.625,216.216,0,1,0
7936,2.962,337.610,0,1,0
7937,4.241,235.793,0,1,0
7938,2.377,420.698,0,1,0
7939,3.621,276.167,0,1,0
7940,4.286,233.318,0,1,0
7941,2.892,345.781,0,1,0
7942,4.202,237.982,0,1,0
7943,3.752,266.525,0,1,0
7944,4.380,228.311,0,1,0
7945,3.215,311.042,0,1,0
7946,4.261,234.687,0,1,0
7947,3.005,332.779,0,1,0
7948,3.602,277.624,0,1,0
7949,5.093,196.348,0,1,0
7950,4.707,212.450,0,1,0
7951,3.913,255.558,0,1,0
7952,4.159,240.442,0,1,0
7953,4.195,238.379,0,1,0
7954,4.734,211.238,0,1,0
7955,4.147,241.138,0,1,0
7956,5.109,195.733,0,1,0
7957,3.174,315.060,0,1,0
7958,5.042,198.334,0,1,0
7959,2.957,338.181,0,1,0
7960,4.818,207.555,0,1,0
7961,2.890,346.021,0,1,0
7962,4.163,240.211,0,1,0
7963,2.291,436.491,0,1,0
7964,2.696,370.920,0,1,0
7965,2.313,432.339,0,1,0
7966,2.584,386.997,0,1,0
7967,3.002,333.111,0,1,0
7968,3.632,275.330,0,1,0
7969,1.812,551.876,0,1,0
7970,2.797,357.526,0,1,0
7971,2.328,429.553,0,1,0
7972,2.571,388.954,0,1,0
7973,2.922,342.231,0,1,0
7974,3.345,298.954,0,1,0
7975,3.123,320.205,0,1,0
7976,2.555,391.389,0,1,0
7977,3.327,300.571,0,1,0
7978,3.285,304.414,0,1,0
7979,3.605,277.393,0,1,0
7980,3.626,275.786,0,1,0
7981,3.058,327.011,0,1,0
7982,3.700,270.270,0,1,0
7983,2.702,370.096,0,1,0
7984,3.308,302.297,0,1,0
7985,2.971,336.587,0,1,0
7986,2.948,339.213,0,1,0
7987,2.783,359.324,0,1,0
7988,3.138,318.674,0,1,0
7989,3.994,250.376,0,1,0
7990,4.128,242.248,0,1,0
7991,2.894,345.543,0,1,0
7992,3.287,304.229,0,1,0
7993,2.547,392.619,0,1,0
7994,2.976,336.022,0,1,0
7995,3.997,250.188,0,1,0
7996,3.140,318.471,0,1,0
7997,4.638,215.610,0,1,0
7998,2.234,447.628,0,1,0
7999,3.274,305.437,0,1,0
8000,3.635,275.103,0,1,0
8001,3.908,255.885,0,1,0
8002,3.996,250.250,0,1,0
8003,2.744,364.431,0,1,0
8004,3.004,332.889,0,1,0
8005,2.953,338.639,0,1,0
8006,3.993,250.438,0,1,0
8007,2.984,335.121,0,1,0
8008,4.020,248.756,0,1,0
8009,2.843,351.741,0,1,0
8010,2.492,401.284,0,1,0
8011,3.087,323.939,0,1,0
8012,1.944,514.403,0,1,0
8013,2.711,368.868,0,1,0
8014,3.704,269.978,0,1,0
8015,3.383,295.596,0,1,0
8016,3.395,294.551,0,1,0
8017,3.550,281.690,0,1,0
8018,3.206,311.915,0,1,0
8019,2.171,460.617,0,1,0
8020,2.222,450.045,0,1,0
8021,2.618,381.971,0,1,0
8022,2.914,343.171,0,1,0
8023,4.295,232.829,0,1,0
8024,3.051,327.761,0,1,0
8025,4.594,217.675,0,1,0
8026,2.106,474.834,0,1,0
8027,4.219,237.023,0,1,0
8028,4.009,249.439,0,1,0
8029,4.174,239.578,0,1,0
8030,2.955,338.409,0,1,0
8031,2.403,416.146,0,1,0
8032,4.044,247.280,0,1,0
8033,3.007,332.557,0,1,0
8034,3.345,298.954,0,1,0
8035,3.566,280.426,0,1,0
8036,2.975,336.134,0,1,0
8037,2.582,387.297,0,1,0
8038,3.427,291.800,0,1,0
8039,2.956,338.295,0,1,0
8040,3.461,288.934,0,1,0
8041,4.076,245.339,0,1,0
8042,1.871,534.474,0,1,0
8043,2.220,450.450,0,1,0
8044,2.265,441.501,0,1,0
8045,2.010,497.512,0,1,0
8046,2.385,419.287,0,1,0
8047,3.074,325.309,0,1,0
8048,3.299,303.122,0,1,0
8049,2.384,419.463,0,1,0
8050,1.882,531.350,0,1,0
8051,2.321,430.849,0,1,0
8052,2.066,484.027,0,1,0
8053,2.284,437.828,0,1,0
8054,1.944,514.403,0,1,0
8055,2.404,415.973,0,1,0
8056,2.096,477.099,0,1,0
8057,1.716,582.751,0,1,0
8058,2.256,443.262,0,1,0
8059,1.944,514.403,0,1,0
8060,2.388,418.760,0,1,0
8061,3.459,289.101,0,1,0
8062,2.481,403.063,0,1,0
8063,2.303,434.216,0,1,0
8064,2.959,337.952,0,1,0
8065,2.178,459.137,0,1,0
8066,2.997,333.667,0,1,0
8067,2.960,337.838,0,1,0
8068,3.116,320.924,0,1,0
8069,3.371,296.648,0,1,0
8070,2.362,423.370,0,1,0
8071,3.375,296.296,0,1,0
8072,3.325,300.752,0,1,0
8073,2.734,365.764,0,1,0
8074,2.471,404.694,0,1,0
8075,4.108,243.427,0,1,0
8076,2.611,382.995,0,1,0
8077,2.535,394.477,0,1,0
8078,3.099,322.685,0,1,0
8079,2.319,431.220,0,1,0
8080,3.295,303.490,0,1,0
8081,3.057,327.118,0,1,0
8082,3.401,294.031,0,1,0
8083,4.135,241.838,0,1,0
8084,2.775,360.360,0,1,0
8085,3.056,327.225,0,1,0
8086,2.559,390.778,0,1,0
8087,5.019,199.243,0,1,0
8088,2.296,435.540,0,1,0
8089,2.874,347.947,0,1,0
8090,2.846,351.370,0,1,0
8091,4.697,212.902,0,1,0
8092,2.889,346.141,0,1,0
8093,3.799,263.227,0,1,0
8094,2.157,463.607,0,1,0
8095,3.542,282.326,0,1,0
8096,4.411,226.706,0,1,0
8097,3.106,321.958,0,1,0
8098,2.814,355.366,0,1,0
8099,3.634,275.179,0,1,0
8100,3.294,303.582,0,1,0
8101,3.785,264.201,0,1,0
8102,3.638,274.876,0,1,0
8103,3.903,256.213,0,1,0
8104,2.881,347.102,0,1,0
8105,4.397,227.428,0,1,0
8106,2.829,353.482,0,1,0
8107,3.428,291.715,0,1,0
8108,2.995,333.890,0,1,0
8109,3.092,323.415,0,1,0
8110,3.711,269.469,0,1,0
8111,2.722,367.377,0,1,0
8112,4.076,245.339,0,1,0
8113,2.357,424.268,0,1,0
8114,2.369,422.119,0,1,0
8115,3.816,262.055,0,1,0
8116,3.168,315.657,0,1,0
8117,2.274,439.754,0,1,0
8118,2.724,367.107,0,1,0
8119,3.242,308.452,0,1,0
8120,3.598,277.932,0,1,0
8121,3.164,316.056,0,1,0
8122,4.005,249.688,0,1,0
8123,2.225,449.438,0,1,0
8124,3.934,254.194,0,1,0
8125,2.287,437.254,0,1,0
8126,3.588,278.707,0,1,0
8127,3.608,277.162,0,1,0
8128,2.434,410.846,0,1,0
8129,2.829,353.482,0,1,0
8130,3.052,327.654,0,1,0
8131,2.613,382.702,0,1,0
8132,3.199,312.598,0,1,0
8133,2.309,433.088,0,1,0
8134,3.124,320.102,0,1,0
8135,2.628,380.518,0,1,0
8136,2.862,349.406,0,1,0
8137,3.056,327.225,0,1,0
8138,3.659,273.299,0,1,0
8139,2.417,413.736,0,1,0
8140,3.441,290.613,0,1,0
8141,2.596,385.208,0,1,0
8142,3.566,280.426,0,1,0
8143,4.205,237.812,0,1,0
8144,3.804,262.881,0,1,0
8145,3.878,257.865,0,1,0
8146,3.221,310.463,0,1,0
8147,2.913,343.289,0,1,0
8148,3.503,285.470,0,1,0
8149,2.650,377.358,0,1,0
8150,4.136,241.779,0,1,0
8151,3.235,309.119,0,1,0
8152,2.690,371.747,0,1,0
8153,2.983,335.233,0,1,0
8154,4.948,202.102,0,1,0
8155,2.736,365.497,0,1,0
8156,3.008,332.447,0,1,0
8157,4.046,247.158,0,1,0
8158,3.067,326.052,0,1,0
8159,2.883,346.861,0,1,0
8160,3.400,294.118,0,1,0
8161,2.769,361.141,0,1,0
8162,2.842,351.865,0,1,0
8163,2.782,359.454,0,1,0
8164,2.749,363.769,0,1,0
8165,4.870,205.339,0,1,0
8166,2.578,387.898,0,1,0
8167,3.233,309.310,0,1,0
8168,4.066,245.942,0,1,0
8169,3.163,316.156,0,1,0
8170,3.599,277.855,0,1,0
8171,2.868,348.675,0,1,0
8172,2.864,349.162,0,1,0
8173,3.315,301.659,0,1,0
8174,2.946,339.443,0,1,0
8175,3.828,261.233,0,1,0
8176,3.217,310.849,0,1,0
8177,3.037,329.272,0,1,0
8178,3.884,257.467,0,1,0
8179,4.152,240.848,0,1,0
8180,4.189,238.720,0,1,0
8181,3.725,268.456,0,1,0
8182,3.632,275.330,0,1,0
8183,3.040,328.947,0,1,0
8184,4.575,218.579,0,1,0
8185,2.652,377.074,0,1,0
8186,2.385,419.287,0,1,0
8187,4.001,249.938,0,1,0
8188,3.206,311.915,0,1,0
8189,4.211,237.473,0,1,0
8190,3.301,302.939,0,1,0
8191,3.425,291.971,0,1,0
8192,3.767,265.463,0,1,0
8193,3.032,329.815,0,1,0
8194,4.105,243.605,0,1,0
8195,2.862,349.406,0,1,0
8196,4.015,249.066,0,1,0
8197,3.588,278.707,0,1,0
8198,4.864,205.592,0,1,0
8199,3.574,279.799,0,1,0
8200,3.415,292.826,0,1,0
8201,3.100,322.581,0,1,0
8202,2.957,338.181,0,1,0
8203,2.954,338.524,0,1,0
8204,3.290,303.951,0,1,0
8205,3.681,271.665,0,1,0
8206,4.468,223.814,0,1,0
8207,3.336,299.760,0,1,0
8208,3.309,302.206,0,1,0
8209,2.512,398.089,0,1,0
8210,4.813,207.771,0,1,0
8211,3.926,254.712,0,1,0
8212,3.628,275.634,0,1,0
8213,3.549,281.770,0,1,0
8214,3.350,298.507,0,1,0
8215,2.321,430.849,0,1,0
8216,2.776,360.231,0,1,0
8217,3.594,278.242,0,1,0
8218,3.388,295.159,0,1,0
8219,3.962,252.398,0,1,0
8220,3.692,270.856,0,1,0
8221,3.951,253.100,0,1,0
8222,3.427,291.800,0,1,0
8223,4.332,230.840,0,1,0
8224,3.631,275.406,0,1,0
8225,3.997,250.188,0,1,0
8226,2.493,401.123,0,1,0
8227,4.918,203.335,0,1,0
8228,2.849,351.000,0,1,0
8229,3.047,328.192,0,1,0
8230,3.211,311.429,0,1,0
8231,2.774,360.490,0,1,0
8232,3.653,273.748,0,1,0
8233,2.590,386.100,0,1,0
8234,3.960,252.525,0,1,0
8235,3.687,271.223,0,1,0
8236,2.394,417.711,0,1,0
8237,2.695,371.058,0,1,0
8238,3.165,315.956,0,1,0
8239,3.152,317.259,0,1,0
8240,2.611,382.995,0,1,0
8241,3.457,289.268,0,1,0
8242,3.241,308.547,0,1,0
8243,2.806,356.379,0,1,0
8244,4.355,229.621,0,1,0
8245,3.353,298.240,0,1,0
8246,3.129,319.591,0,1,0
8247,3.534,282.965,0,1,0
8248,4.166,240.038,0,1,0
8249,2.671,374.392,0,1,0
8250,3.026,330.469,0,1,0
8251,4.379,228.363,0,1,0
8252,2.921,342.349,0,1,0
8253,3.191,313.381,0,1,0
8254,2.753,363.240,0,1,0
8255,6.068,164.799,0,1,0
8256,2.773,360.620,0,1,0
8257,4.820,207.469,0,1,0
8258,2.632,379.939,0,1,0
8259,4.684,213.493,0,1,0
8260,3.084,324.254,0,1,0
8261,3.873,258.198,0,1,0
8262,3.597,278.009,0,1,0
8263,2.697,370.782,0,1,0
8264,2.429,411.692,0,1,0
8265,3.251,307.598,0,1,0
8266,3.149,317.561,0,1,0
8267,3.357,297.885,0,1,0
8268,3.556,281.215,0,1,0
8269,2.534,394.633,0,1,0
8270,2.198,454.959,0,1,0
8271,3.192,313.283,0,1,0
8272,3.056,327.225,0,1,0
8273,2.513,397.931,0,1,0
8274,3.255,307.220,0,1,0
8275,4.222,236.855,0,1,0
8276,3.410,293.255,0,1,0
8277,2.708,369.276,0,1,0
8278,2.499,400.160,0,1,0
8279,4.700,212.766,0,1,0
8280,3.283,304.599,0,1,0
8281,4.106,243.546,0,1,0
8282,2.320,431.034,0,1,0
8283,2.430,411.523,0,1,0
8284,2.868,348.675,0,1,0
8285,1.968,508.130,0,1,0
8286,2.853,350.508,0,1,0
8287,2.386,419.111,0,1,0
8288,3.220,310.559,0,1,0
8289,2.599,384.763,0,1,0
8290,2.531,395.101,0,1,0
8291,2.165,461.894,0,1,0
8292,2.967,337.041,0,1,0
8293,4.097,244.081,0,1,0
8294,2.581,387.447,0,1,0
8295,2.904,344.353,0,1,0
8296,2.022,494.560,0,1,0
8297,1.935,516.796,0,1,0
8298,2.754,363.108,0,1,0
8299,2.339,427.533,0,1,0
8300,3.282,304.692,0,1,0
8301,3.686,271.297,0,1,0
8302,2.482,402.901,0,1,0
8303,4.801,208.290,0,1,0
8304,5.301,188.644,0,1,0
8305,2.295,435.730,0,1,0
8306,5.963,167.701,0,1,0
8307,4.077,245.278,0,1,0
8308,3.672,272.331,0,1,0
8309,2.151,464.900,0,1,0
8310,3.285,304.414,0,1,0
8311,3.347,298.775,0,1,0
8312,2.746,364.166,0,1,0
8313,2.951,338.868,0,1,0
8314,3.557,281.136,0,1,0
8315,2.221,450.248,0,1,0
8316,2.696,370.920,0,1,0
8317,3.728,268.240,0,1,0
8318,4.010,249.377,0,1,0
8319,3.746,266.951,0,1,0
8320,3.023,330.797,0,1,0
8321,2.526,395.883,0,1,0
8322,3.730,268.097,0,1,0
8323,4.188,238.777,0,1,0
8324,3.438,290.867,0,1,0
8325,2.491,401.445,0,1,0
8326,2.450,408.163,0,1,0
8327,2.082,480.307,0,1,0
8328,2.707,369.413,0,1,0
8329,2.289,436.872,0,1,0
8330,2.589,386.250,0,1,0
8331,3.634,275.179,0,1,0
8332,2.725,366.972,0,1,0
8333,4.379,228.363,0,1,0
8334,3.333,300.030,0,1,0
8335,3.498,285.878,0,1,0
8336,3.489,286.615,0,1,0
8337,3.715,269.179,0,1,0
8338,3.083,324.359,0,1,0
8339,3.608,277.162,0,1,0
8340,2.429,411.692,0,1,0
8341,5.741,174.186,0,1,0
8342,4.329,231.000,0,1,0
8343,4.120,242.718,0,1,0
8344,4.039,247.586,0,1,0
8345,3.717,269.034,0,1,0
8346,4.445,224.972,0,1,0
8347,3.177,314.762,0,1,0
8348,3.148,317.662,0,1,0
8349,3.092,323.415,0,1,0
8350,2.786,358.938,0,1,0
8351,2.366,422.654,0,1,0
8352,2.524,396.197,0,1,0
8353,2.124,470.810,0,1,0
8354,3.663,273.000,0,1,0
8355,3.192,313.283,0,1,0
8356,4.606,217.108,0,1,0
8357,2.179,458.926,0,1,0
8358,3.146,317.864,0,1,0
8359,4.498,222.321,0,1,0
8360,4.340,230.415,0,1,0
8361,3.408,293.427,0,1,0
8362,3.207,311.818,0,1,0
8363,3.157,316.756,0,1,0
8364,2.761,362.188,0,1,0
8365,3.078,324.886,0,1,0
8366,3.180,314.465,0,1,0
8367,3.062,326.584,0,1,0
8368,3.832,260.960,0,1,0
8369,2.803,356.761,0,1,0
8370,2.817,354.988,0,1,0
8371,3.295,303.490,0,1,0
8372,1.778,562.430,0,1,0
8373,2.612,382.848,0,1,0
8374,2.958,338.066,0,1,0
8375,3.364,297.265,0,1,0
8376,3.812,262.329,0,1,0
8377,3.204,312.110,0,1,0
8378,2.343,426.803,0,1,0
8379,2.876,347.705,0,1,0
8380,3.698,270.416,0,1,0
8381,2.765,361.664,0,1,0
8382,2.120,471.698,0,1,0
8383,2.444,409.165,0,1,0
8384,4.805,208.117,0,1,0
8385,2.282,438.212,0,1,0
8386,3.632,275.330,0,1,0
8387,2.406,415.628,0,1,0
8388,2.192,456.204,0,1,0
8389,2.520,396.825,0,1,0
8390,2.872,348.189,0,1,0
8391,2.651,377.216,0,1,0
8392,3.448,290.023,0,1,0
8393,2.156,463.822,0,1,0
8394,2.087,479.157,0,1,0
8395,2.941,340.020,0,1,0
8396,2.212,452.080,0,1,0
8397,3.647,274.198,0,1,0
8398,2.313,432.339,0,1,0
8399,2.906,344.116,0,1,0
8400,2.584,386.997,0,1,0
8401,2.505,399.202,0,1,0
8402,3.629,275.558,0,1,0
8403,3.622,276.091,0,1,0
8404,3.448,290.023,0,1,0
8405,3.794,263.574,0,1,0
8406,2.216,451.264,0,1,0
8407,2.299,434.972,0,1,0
8408,4.351,229.832,0,1,0
8409,4.778,209.293,0,1,0
8410,3.077,324.992,0,1,0
8411,3.760,265.957,0,1,0
8412,2.399,416.840,0,1,0
8413,4.919,203.293,0,1,0
8414,3.817,261.986,0,1,0
8415,4.074,245.459,0,1,0
8416,3.713,269.324,0,1,0
8417,3.271,305.717,0,1,0
8418,3.312,301.932,0,1,0
8419,4.602,217.297,0,1,0
8420,2.900,344.828,0,1,0
8421,5.044,198.255,0,1,0
8422,2.752,363.372,0,1,0
8423,3.665,272.851,0,1,0
8424,2.316,431.779,0,1,0
8425,3.138,318.674,0,1,0
8426,3.690,271.003,0,1,0
8427,2.831,353.232,0,1,0
8428,3.174,315.060,0,1,0
8429,3.255,307.220,0,1,0
8430,3.444,290.360,0,1,0
8431,3.379,295.946,0,1,0
8432,4.043,247.341,0,1,0
8433,2.242,446.030,0,1,0
8434,4.423,226.091,0,1,0
8435,3.286,304.321,0,1,0
8436,3.684,271.444,0,1,0
8437,3.846,260.010,0,1,0
8438,3.091,323.520,0,1,0
8439,3.156,316.857,0,1,0
8440,4.070,245.700,0,1,0
8441,3.837,260.620,0,1,0
8442,2.977,335.909,0,1,0
8443,3.819,261.849,0,1,0
8444,2.802,356.888,0,1,0
8445,3.740,267.380,0,1,0
8446,3.213,311.236,0,1,0
8447,4.920,203.252,0,1,0
8448,3.558,281.057,0,1,0
8449,2.648,377.644,0,1,0
8450,4.044,247.280,0,1,0
8451,2.842,351.865,0,1,0
8452,4.842,206.526,0,1,0
8453,3.946,253.421,0,1,0
8454,2.511,398.248,0,1,0
8455,3.494,286.205,0,1,0
8456,4.018,248.880,0,1,0
8457,2.668,374.813,0,1,0
8458,3.767,265.463,0,1,0
8459,3.804,262.881,0,1,0
8460,3.438,290.867,0,1,0
8461,3.400,294.118,0,1,0
8462,4.671,214.087,0,1,0
8463,4.110,243.309,0,1,0
8464,4.937,202.552,0,1,0
8465,3.490,286.533,0,1,0
8466,3.912,255.624,0,1,0
8467,3.372,296.560,0,1,0
8468,4.818,207.555,0,1,0
8469,3.232,309.406,0,1,0
8470,3.941,253.743,0,1,0
8471,3.863,258.866,0,1,0
8472,4.741,210.926,0,1,0
8473,3.446,290.192,0,1,0
8474,3.320,301.205,0,1,0
8475,2.552,391.850,0,1,0
8476,3.839,260.485,0,1,0
8477,2.255,443.459,0,1,0
8478,3.103,322.269,0,1,0
8479,3.302,302.847,0,1,0
8480,2.104,475.285,0,1,0
8481,3.559,280.978,0,1,0
8482,2.762,362.056,0,1,0
8483,3.202,312.305,0,1,0
8484,2.518,397.141,0,1,0
8485,3.760,265.957,0,1,0
8486,3.162,316.256,0,1,0
8487,3.885,257.400,0,1,0
8488,2.754,363.108,0,1,0
8489,3.757,266.170,0,1,0
8490,4.473,223.564,0,1,0
8491,2.212,452.080,0,1,0
8492,3.073,325.415,0,1,0
8493,3.478,287.522,0,1,0
8494,3.973,251.699,0,1,0
8495,4.226,236.630,0,1,0
8496,2.895,345.423,0,1,0
8497,5.747,174.004,0,1,0
8498,3.755,266.312,0,1,0
8499,3.253,307.409,0,1,0
8500,5.199,192.345,0,1,0
8501,3.650,273.973,0,1,0
8502,3.789,263.922,0,1,0
8503,3.100,322.581,0,1,0
8504,5.092,196.386,0,1,0
8505,4.052,246.792,0,1,0
8506,4.962,201.532,0,1,0
8507,5.669,176.398,0,1,0
8508,3.533,283.046,0,1,0
8509,4.828,207.125,0,1,0
8510,3.661,273.149,0,1,0
8511,4.759,210.128,0,1,0
8512,3.611,276.932,0,1,0
8513,4.292,232.992,0,1,0
8514,3.045,328.407,0,1,0
8515,4.043,247.341,0,1,0
8516,2.871,348.311,0,1,0
8517,3.961,252.461,0,1,0
8518,3.604,277.469,0,1,0
8519,3.460,289.017,0,1,0
8520,3.369,296.824,0,1,0
8521,3.723,268.601,0,1,0
8522,2.976,336.022,0,1,0
8523,3.505,285.307,0,1,0
8524,2.113,473.261,0,1,0
8525,3.691,270.929,0,1,0
8526,2.237,447.027,0,1,0
8527,3.643,274.499,0,1,0
8528,2.898,345.066,0,1,0
8529,2.799,357.270,0,1,0
8530,2.026,493.583,0,1,0
8531,3.894,256.805,0,1,0
8532,2.766,361.533,0,1,0
8533,3.241,308.547,0,1,0
8534,2.552,391.850,0,1,0
8535,2.681,372.995,0,1,0
8536,3.794,263.574,0,1,0
8537,2.498,400.320,0,1,0
8538,4.818,207.555,0,1,0
8539,3.219,310.655,0,1,0
8540,3.233,309.310,0,1,0
8541,3.273,305.530,0,1,0
8542,2.652,377.074,0,1,0
8543,2.646,377.929,0,1,0
8544,3.018,331.345,0,1,0
8545,2.750,363.636,0,1,0
8546,4.202,237.982,0,1,0
8547,2.451,407.997,0,1,0
8548,3.460,289.017,0,1,0
8549,2.545,392.927,0,1,0
8550,2.500,400.000,0,1,0
8551,2.760,362.319,0,1,0
8552,3.821,261.712,0,1,0
8553,3.481,287.274,0,1,0
8554,3.542,282.326,0,1,0
8555,4.253,235.128,0,1,0
8556,3.694,270.709,0,1,0
8557,3.822,261.643,0,1,0
8558,2.529,395.413,0,1,0
8559,3.157,316.756,0,1,0
8560,3.453,289.603,0,1,0
8561,3.049,327.976,0,1,0
8562,3.625,275.862,0,1,0
8563,2.157,463.607,0,1,0
8564,4.899,204.123,0,1,0
8565,2.819,354.736,0,1,0
8566,4.079,245.158,0,1,0
8567,2.655,376.648,0,1,0
8568,3.171,315.358,0,1,0
8569,3.033,329.707,0,1,0
8570,2.559,390.778,0,1,0
8571,2.641,378.644,0,1,0
8572,4.389,227.842,0,1,0
8573,3.266,306.185,0,1,0
8574,4.346,230.097,0,1,0
8575,2.223,449.843,0,1,0
8576,2.748,363.901,0,1,0
8577,3.482,287.191,0,1,0
8578,2.669,374.672,0,1,0
8579,4.553,219.635,0,1,0
8580,2.307,433.463,0,1,0
8581,3.289,304.044,0,1,0
8582,3.206,311.915,0,1,0
8583,3.953,252.972,0,1,0
8584,3.155,316.957,0,1,0
8585,2.532,394.945,0,1,0
8586,3.520,284.091,0,1,0
8587,2.632,379.939,0,1,0
8588,3.499,285.796,0,1,0
8589,5.074,197.083,0,1,0
8590,3.838,260.552,0,1,0
8591,4.520,221.239,0,1,0
8592,2.909,343.761,0,1,0
8593,3.895,256.739,0,1,0
8594,5.009,199.641,0,1,0
8595,4.094,244.260,0,1,0
8596,3.921,255.037,0,1,0
8597,2.503,399.521,0,1,0
8598,4.340,230.415,0,1,0
8599,2.530,395.257,0,1,0
8600,4.244,235.627,0,1,0
8601,2.370,421.941,0,1,0
8602,4.654,214.869,0,1,0
8603,4.424,226.040,0,1,0
8604,3.671,272.405,0,1,0
8605,2.311,432.713,0,1,0
8606,3.788,263.992,0,1,0
8607,3.138,318.674,0,1,0
8608,3.661,273.149,0,1,0
8609,2.229,448.632,0,1,0
8610,2.422,412.882,0,1,0
8611,2.439,410.004,0,1,0
8612,2.821,354.484,0,1,0
8613,4.429,225.785,0,1,0
8614,3.992,250.501,0,1,0
8615,2.313,432.339,0,1,0
8616,2.672,374.251,0,1,0
8617,3.148,317.662,0,1,0
8618,2.759,362.450,0,1,0
8619,3.119,320.616,0,1,0
8620,2.107,474.608,0,1,0
8621,2.723,367.242,0,1,0
8622,2.837,352.485,0,1,0
8623,3.510,284.900,0,1,0
8624,2.687,372.162,0,1,0
8625,1.981,504.796,0,1,0
8626,3.535,282.885,0,1,0
8627,2.451,407.997,0,1,0
8628,3.191,313.381,0,1,0
8629,2.041,489.956,0,1,0
8630,3.304,302.663,0,1,0
8631,2.560,390.625,0,1,0
8632,4.260,234.742,0,1,0
8633,3.026,330.469,0,1,0
8634,3.744,267.094,0,1,0
8635,3.002,333.111,0,1,0
8636,3.208,311.721,0,1,0
8637,3.240,308.642,0,1,0
8638,4.058,246.427,0,1,0
8639,3.245,308.166,0,1,0
8640,2.979,335.683,0,1,0
8641,4.932,202.758,0,1,0
8642,2.931,341.180,0,1,0
8643,4.006,249.626,0,1,0
8644,3.951,253.100,0,1,0
8645,4.124,242.483,0,1,0
8646,4.014,249.128,0,1,0
8647,4.969,201.248,0,1,0
8648,4.739,211.015,0,1,0
8649,3.458,289.184,0,1,0
8650,2.477,403.714,0,1,0
8651,5.525,180.995,0,1,0
8652,2.879,347.343,0,1,0
8653,6.419,155.788,0,1,0
8654,3.717,269.034,0,1,0
8655,3.509,284.981,0,1,0
8656,3.569,280.191,0,1,0
8657,3.616,276.549,0,1,0
8658,3.446,290.192,0,1,0
8659,3.918,255.232,0,1,0
8660,3.026,330.469,0,1,0
8661,3.372,296.560,0,1,0
8662,3.726,268.384,0,1,0
8663,4.148,241.080,0,1,0
8664,3.781,264.480,0,1,0
8665,3.293,303.674,0,1,0
8666,3.420,292.398,0,1,0
8667,3.200,312.500,0,1,0
8668,5.025,199.005,0,1,0
8669,3.606,277.316,0,1,0
8670,3.873,258.198,0,1,0
8671,3.042,328.731,0,1,0
8672,4.760,210.084,0,1,0
8673,3.860,259.067,0,1,0
8674,3.087,323.939,0,1,0
8675,3.899,256.476,0,1,0
8676,2.915,343.053,0,1,0
8677,4.578,218.436,0,1,0
8678,2.780,359.712,0,1,0
8679,4.862,205.677,0,1,0
8680,2.957,338.181,0,1,0
8681,4.701,212.721,0,1,0
8682,2.747,364.033,0,1,0
8683,3.592,278.396,0,1,0
8684,3.953,252.972,0,1,0
8685,3.629,275.558,0,1,0
8686,3.503,285.470,0,1,0
8687,3.231,309.502,0,1,0
8688,4.417,226.398,0,1,0
8689,2.953,338.639,0,1,0
8690,2.625,380.952,0,1,0
8691,3.915,255.428,0,1,0
8692,4.524,221.043,0,1,0
8693,4.725,211.640,0,1,0
8694,3.999,250.063,0,1,0
8695,3.829,261.165,0,1,0
8696,2.893,345.662,0,1,0
8697,2.673,374.111,0,1,0
8698,3.614,276.702,0,1,0
8699,2.528,395.570,0,1,0
8700,2.272,440.141,0,1,0
8701,2.880,347.222,0,1,0
8702,3.134,319.081,0,1,0
8703,1.847,541.419,0,1,0
8704,2.501,399.840,0,1,0
8705,2.225,449.438,0,1,0
8706,3.666,272.777,0,1,0
8707,3.917,255.297,0,1,0
8708,2.282,438.212,0,1,0
8709,2.757,362.713,0,1,0
8710,1.600,625.000,0,1,0
8711,2.734,365.764,0,1,0
8712,1.872,534.188,0,1,0
8713,2.456,407.166,0,1,0
8714,2.568,389.408,0,1,0
8715,3.520,284.091,0,1,0
8716,2.105,475.059,0,1,0
8717,2.972,336.474,0,1,0
8718,3.715,269.179,0,1,0
8719,3.690,271.003,0,1,0
8720,7.734,129.299,0,1,0
8721,4.725,211.640,0,1,0
8722,5.534,180.701,0,1,0
8723,2.649,377.501,0,1,0
8724,7.604,131.510,0,1,0
8725,3.114,321.130,0,1,0
8726,3.011,332.116,0,1,0
8727,3.396,294.464,0,1,0
8728,4.319,231.535,0,1,0
8729,2.997,333.667,0,1,0
8730,4.105,243.605,0,1,0
8731,2.846,351.370,0,1,0
8732,5.069,197.278,0,1,0
8733,2.999,333.444,0,1,0
8734,3.010,332.226,0,1,0
8735,3.096,322.997,0,1,0
8736,2.692,371.471,0,1,0
8737,2.523,396.354,0,1,0
8738,4.611,216.873,0,1,0
8739,3.092,323.415,0,1,0
8740,3.509,284.981,0,1,0
8741,4.716,212.044,0,1,0
8742,2.882,346.981,0,1,0
8743,3.660,273.224,0,1,0
8744,2.853,350.508,0,1,0
8745,3.072,325.521,0,1,0
8746,3.504,285.388,0,1,0
8747,3.476,287.687,0,1,0
8748,4.371,228.781,0,1,0
8749,2.065,484.262,0,1,0
8750,3.709,269.614,0,1,0
8751,4.105,243.605,0,1,0
8752,3.111,321.440,0,1,0
8753,4.801,208.290,0,1,0
8754,2.815,355.240,0,1,0
8755,3.724,268.528,0,1,0
8756,3.128,319.693,0,1,0
8757,4.446,224.921,0,1,0
8758,4.008,249.501,0,1,0
8759,3.089,323.729,0,1,0
8760,3.708,269.687,0,1,0
8761,4.353,229.727,0,1,0
8762,3.650,273.973,0,1,0
8763,2.508,398.724,0,1,0
8764,3.037,329.272,0,1,0
8765,3.329,300.391,0,1,0
8766,2.356,424.448,0,1,0
8767,3.191,313.381,0,1,0
8768,1.348,741.840,0,1,0
8769,2.487,402.091,0,1,0
8770,1.598,625.782,0,1,0
8771,2.042,489.716,0,1,0
8772,3.076,325.098,0,1,0
8773,2.887,346.380,0,1,0
8774,2.499,400.160,0,1,0
8775,3.475,287.770,0,1,0
8776,3.195,312.989,0,1,0
8777,2.466,405.515,0,1,0
8778,3.222,310.366,0,1,0
8779,2.624,381.098,0,1,0
8780,4.290,233.100,0,1,0
8781,3.109,321.647,0,1,0
8782,3.499,285.796,0,1,0
8783,3.061,326.691,0,1,0
8784,2.616,382.263,0,1,0
8785,1.855,539.084,0,1,0
8786,2.132,469.043,0,1,0
8787,3.730,268.097,0,1,0
8788,2.780,359.712,0,1,0
8789,3.499,285.796,0,1,0
8790,2.647,377.786,0,1,0
8791,3.651,273.898,0,1,0
8792,2.560,390.625,0,1,0
8793,3.254,307.314,0,1,0
8794,2.268,440.917,0,1,0
8795,2.386,419.111,0,1,0
8796,3.191,313.381,0,1,0
8797,2.775,360.360,0,1,0
8798,2.424,412.541,0,1,0
8799,3.361,297.530,0,1,0
8800,2.284,437.828,0,1,0
8801,3.146,317.864,0,1,0
8802,3.018,331.345,0,1,0
8803,3.289,304.044,0,1,0
8804,2.011,497.265,0,1,0
8805,1.611,620.732,0,1,0
8806,1.516,659.631,0,1,0
8807,2.322,430.663,0,1,0
8808,2.791,358.295,0,1,0
8809,2.917,342.818,0,1,0
8810,2.100,476.190,0,1,0
8811,1.904,525.210,0,1,0
8812,2.406,415.628,0,1,0
8813,4.071,245.640,0,1,0
8814,1.877,532.765,0,1,0
8815,3.494,286.205,0,1,0
8816,1.927,518.941,0,1,0
8817,3.172,315.259,0,1,0
8818,4.008,249.501,0,1,0
8819,3.955,252.845,0,1,0
8820,3.501,285.633,0,1,0
8821,5.312,188.253,0,1,0
8822,2.746,364.166,0,1,0
8823,3.369,296.824,0,1,0
8824,4.861,205.719,0,1,0
8825,3.677,271.961,0,1,0
8826,5.405,185.014,0,1,0
8827,4.937,202.552,0,1,0
8828,2.491,401.445,0,1,0
8829,3.298,303.214,0,1,0
8830,2.719,367.782,0,1,0
8831,2.048,488.281,0,1,0
8832,3.979,251.319,0,1,0
8833,2.992,334.225,0,1,0
8834,3.833,260.892,0,1,0
8835,3.716,269.107,0,1,0
8836,3.133,319.183,0,1,0
8837,4.207,237.699,0,1,0
8838,3.646,274.273,0,1,0
8839,4.475,223.464,0,1,0
8840,4.008,249.501,0,1,0
8841,3.642,274.574,0,1,0
8842,3.767,265.463,0,1,0
8843,3.464,288.684,0,1,0
8844,3.097,322.893,0,1,0
8845,2.443,409.333,0,1,0
8846,1.673,597.729,0,1,0
8847,2.216,451.264,0,1,0
8848,2.834,352.858,0,1,0
8849,3.000,333.333,0,1,0
8850,4.510,221.729,0,1,0
8851,3.528,283.447,0,1,0
8852,1.845,542.005,0,1,0
8853,5.418,184.570,0,1,0
8854,2.750,363.636,0,1,0
8855,3.716,269.107,0,1,0
8856,2.430,411.523,0,1,0
8857,2.395,417.537,0,1,0
8858,2.894,345.543,0,1,0
8859,3.696,270.563,0,1,0
8860,3.496,286.041,0,1,0
8861,4.272,234.082,0,1,0
8862,3.207,311.818,0,1,0
8863,3.798,263.296,0,1,0
8864,2.247,445.038,0,1,0
8865,2.772,360.750,0,1,0
8866,2.138,467.727,0,1,0
8867,2.905,344.234,0,1,0
8868,3.066,326.158,0,1,0
8869,2.895,345.423,0,1,0
8870,3.128,319.693,0,1,0
8871,3.801,263.089,0,1,0
8872,2.234,447.628,0,1,0
8873,2.266,441.306,0,1,0
8874,2.671,374.392,0,1,0
8875,3.157,316.756,0,1,0
8876,2.933,340.948,0,1,0
8877,3.472,288.018,0,1,0
8878,2.927,341.647,0,1,0
8879,2.231,448.229,0,1,0
8880,3.447,290.107,0,1,0
8881,3.369,296.824,0,1,0
8882,3.451,289.771,0,1,0
8883,2.881,347.102,0,1,0
8884,2.779,359.842,0,1,0
8885,3.419,292.483,0,1,0
8886,2.755,362.976,0,1,0
8887,2.309,433.088,0,1,0
8888,2.113,473.261,0,1,0
8889,3.527,283.527,0,1,0
8890,3.145,317.965,0,1,0
8891,3.505,285.307,0,1,0
8892,2.358,424.088,0,1,0
8893,2.647,377.786,0,1,0
8894,1.735,576.369,0,1,0
8895,2.517,397.298,0,1,0
8896,2.981,335.458,0,1,0
8897,2.865,349.040,0,1,0
8898,3.347,298.775,0,1,0
8899,3.763,265.745,0,1,0
8900,3.146,317.864,0,1,0
8901,2.541,393.546,0,1,0
8902,3.544,282.167,0,1,0
8903,3.306,302.480,0,1,0
8904,3.409,293.341,0,1,0
8905,2.855,350.263,0,1,0
8906,3.295,303.490,0,1,0
8907,2.840,352.113,0,1,0
8908,4.048,247.036,0,1,0
8909,2.695,371.058,0,1,0
8910,3.012,332.005,0,1,0
8911,2.473,404.367,0,1,0
8912,3.477,287.604,0,1,0
8913,3.242,308.452,0,1,0
8914,3.016,331.565,0,1,0
8915,3.811,262.398,0,1,0
8916,2.595,385.356,0,1,0
8917,3.670,272.480,0,1,0
8918,3.699,270.343,0,1,0
8919,2.451,407.997,0,1,0
8920,2.989,334.560,0,1,0
8921,2.631,380.084,0,1,0
8922,2.532,394.945,0,1,0
8923,2.223,449.843,0,1,0
8924,3.628,275.634,0,1,0
8925,3.308,302.297,0,1,0
8926,1.959,510.465,0,1,0
8927,2.009,497.760,0,1,0
8928,1.923,520.021,0,1,0
8929,3.174,315.060,0,1,0
8930,3.018,331.345,0,1,0
8931,2.772,360.750,0,1,0
8932,3.288,304.136,0,1,0
8933,2.133,468.823,0,1,0
8934,2.406,415.628,0,1,0
8935,4.115,243.013,0,1,0
8936,1.678,595.948,0,1,0
8937,1.980,505.051,0,1,0
8938,1.487,672.495,0,1,0
8939,1.433,697.837,0,1,0
8940,2.034,491.642,0,1,0
8941,1.719,581.734,0,1,0
8942,3.035,329.489,0,1,0
8943,1.753,570.451,0,1,0
8944,2.578,387.898,0,1,0
8945,2.051,487.567,0,1,0
8946,1.617,618.429,0,1,0
8947,3.093,323.311,0,1,0
8948,4.311,231.965,0,1,0
8949,2.114,473.037,0,1,0
8950,2.617,382.117,0,1,0
8951,2.020,495.050,0,1,0
8952,2.889,346.141,0,1,0
8953,1.964,509.165,0,1,0
8954,2.732,366.032,0,1,0
8955,2.827,353.732,0,1,0
8956,2.202,454.133,0,1,0
8957,2.899,344.947,0,1,0
8958,3.238,308.833,0,1,0
8959,3.287,304.229,0,1,0
8960,2.846,351.370,0,1,0
8961,2.301,434.594,0,1,0
8962,2.363,423.191,0,1,0
8963,2.868,348.675,0,1,0
8964,2.221,450.248,0,1,0
8965,2.597,385.060,0,1,0
8966,1.610,621.118,0,1,0
8967,2.665,375.235,0,1,0
8968,1.617,618.429,0,1,0
8969,3.225,310.078,0,1,0
8970,2.313,432.339,0,1,0
8971,2.689,371.885,0,1,0
8972,1.998,500.501,0,1,0
8973,3.393,294.724,0,1,0
8974,3.596,278.087,0,1,0
8975,2.622,381.388,0,1,0
8976,1.936,516.529,0,1,0
8977,1.330,751.880,0,1,0
8978,1.371,729.395,0,1,0
8979,1.290,775.194,0,1,0
8980,1.596,626.566,0,1,0
8981,2.710,369.004,0,1,0
8982,1.586,630.517,0,1,0
8983,1.515,660.066,0,1,0
8984,2.213,451.875,0,1,0
8985,2.130,469.484,0,1,0
8986,2.372,421.585,0,1,0
8987,2.253,443.853,0,1,0
8988,2.079,481.000,0,1,0
8989,2.063,484.731,0,1,0
8990,2.138,467.727,0,1,0
8991,2.367,422.476,0,1,0
8992,2.193,455.996,0,1,0
8993,1.701,587.889,0,1,0
8994,2.264,441.696,0,1,0
8995,1.655,604.230,0,1,0
8996,2.093,477.783,0,1,0
8997,1.346,742.942,0,1,0
8998,2.284,437.828,0,1,0
8999,1.766,566.251,0,1,0
9000,1.823,548.546,0,1,0
9001,2.489,401.768,0,1,0
9002,1.952,512.295,0,1,0
9003,1.319,758.150,0,1,0
9004,1.169,855.432,0,1,0
9005,2.028,493.097,0,1,0
9006,2.517,397.298,0,1,0
9007,2.831,353.232,0,1,0
9008,1.429,699.790,0,1,0
9009,2.062,484.966,0,1,0
9010,2.264,441.696,0,1,0
9011,2.138,467.727,0,1,0
9012,2.299,434.972,0,1,0
9013,2.269,440.723,0,1,0
9014,2.146,465.983,0,1,0
9015,1.936,516.529,0,1,0
9016,1.698,588.928,0,1,0
9017,1.922,520.291,0,1,0
9018,2.644,378.215,0,1,0
9019,2.997,333.667,0,1,0
9020,3.078,324.886,0,1,0
9021,3.043,328.623,0,1,0
9022,2.616,382.263,0,1,0
9023,2.789,358.551,0,1,0
9024,2.508,398.724,0,1,0
9025,4.103,243.724,0,1,0
AVERAGE,3.394 ms,288.125 Tx/sec,0.000,1.000,0.000
THROUGHPUT,,288.125 Tx/sec,,,
P50_LATENCY,3 ms,,,,
P95_LATENCY,5 ms,,,,
P99_LATENCY,6 ms,,,,
AVG_LATENCY_PER_TX,3.394 ms/Tx,,,,
AVG_SLOW_PATH_LATENCY,3.394 ms,,,9025 batches,
AVG_SLOW_PATH_LATENCY_PER_TX,3.394 ms/Tx,,,,
GLOBAL_TOTALS,,,0 ops,9025 ops,0 ops
TOTAL_FAST_PATH_FALLBACKS,0,ops
TOTAL_FAST_COMMITS,0,ops
TOTAL_SLOW_COMMITS,9025,ops
TOTAL_CONFLICT_COMMITS,0,ops
